 Copyright (C) 1995-2017 - All Rights Reserved
 University Corporation for Atmospheric Research
 NCAR Command Language Version 6.4.0
 The use of this software is governed by a License Agreement.
 See http://www.ncl.ucar.edu/ for more details.

Variable: f
Type: file
filename:	snow_all2
path:	snow_all2.nc
   file global attributes:
      creation_date : Tue Sep 22 22:08:38 CST 2020
      Conventions : None
      title : Spring and Winter mean snow depth
   dimensions:
      time = 0  // unlimited
      lat = 161
      lon = 321
      t = 6925
      ncl4 = 161
      ncl5 = 321
      ncl6 = 6925
   variables:
      float snow_spring ( lat, lon, t )
         _FillValue :	-1

      float lat ( lat )
         units :	degrees_north
         long_name :	latitude

      float lon ( lon )
         units :	degrees_east
         long_name :	longitude

      float t ( t )
         units :	year
         long_name :	year

 
Variables:
 
Variable No. 0
     t:
  
   1981.       1981.       1981.       1981.       1981.       1981.    
   1981.       1981.       1981.       1981.       1981.       1981.    
   1981.       1981.       1981.       1981.       1981.       1981.    
   1981.       1981.       1981.       1981.       1981.       1981.    
   1981.       1981.       1981.       1981.       1981.       1981.    
   1981.       1981.       1981.       1981.       1981.       1981.    
   1981.       1981.       1981.       1981.       1981.       1981.    
   1981.       1981.       1981.       1981.       1981.       1981.    
   1981.       1981.       1981.       1981.       1981.       1981.    
   1981.       1981.       1981.       1981.       1981.       1981.    
   1981.       1981.       1981.       1981.       1981.       1981.    
   1981.       1981.       1981.       1981.       1981.       1981.    
   1981.       1981.       1981.       1981.       1981.       1981.    
   1981.       1981.       1981.       1981.       1981.       1981.    
   1981.       1981.       1981.       1981.       1981.       1981.    
   1981.       1981.       1982.       1982.       1982.       1982.    
   1982.       1982.       1982.       1982.       1982.       1982.    
   1982.       1982.       1982.       1982.       1982.       1982.    
   1982.       1982.       1982.       1982.       1982.       1982.    
   1982.       1982.       1982.       1982.       1982.       1982.    
   1982.       1982.       1982.       1982.       1982.       1982.    
   1982.       1982.       1982.       1982.       1982.       1982.    
   1982.       1982.       1982.       1982.       1982.       1982.    
   1982.       1982.       1982.       1982.       1982.       1982.    
   1982.       1982.       1982.       1982.       1982.       1982.    
   1982.       1982.       1982.       1982.       1982.       1982.    
   1982.       1982.       1982.       1982.       1982.       1982.    
   1982.       1982.       1982.       1982.       1982.       1982.    
   1982.       1982.       1982.       1982.       1982.       1982.    
   1982.       1982.       1982.       1982.       1982.       1982.    
   1982.       1982.       1982.       1982.       1982.       1982.    
   1982.       1982.       1982.       1982.       1982.       1982.    
   1982.       1982.       1982.       1982.       1982.       1982.    
   1982.       1982.       1982.       1982.       1982.       1982.    
   1982.       1982.       1982.       1982.       1982.       1982.    
   1982.       1982.       1982.       1982.       1982.       1982.    
   1982.       1982.       1982.       1982.       1982.       1982.    
   1982.       1982.       1982.       1982.       1982.       1982.    
   1982.       1982.       1982.       1982.       1982.       1982.    
   1982.       1982.       1982.       1982.       1982.       1982.    
   1982.       1982.       1982.       1982.       1982.       1982.    
   1982.       1982.       1982.       1982.       1982.       1982.    
   1982.       1982.       1982.       1982.       1982.       1982.    
   1982.       1982.       1982.       1982.       1982.       1982.    
   1982.       1982.       1982.       1982.       1982.       1982.    
   1982.       1982.       1982.       1982.       1983.       1983.    
   1983.       1983.       1983.       1983.       1983.       1983.    
   1983.       1983.       1983.       1983.       1983.       1983.    
   1983.       1983.       1983.       1983.       1983.       1983.    
   1983.       1983.       1983.       1983.       1983.       1983.    
   1983.       1983.       1983.       1983.       1983.       1983.    
   1983.       1983.       1983.       1983.       1983.       1983.    
   1983.       1983.       1983.       1983.       1983.       1983.    
   1983.       1983.       1983.       1983.       1983.       1983.    
   1983.       1983.       1983.       1983.       1983.       1983.    
   1983.       1983.       1983.       1983.       1983.       1983.    
   1983.       1983.       1983.       1983.       1983.       1983.    
   1983.       1983.       1983.       1983.       1983.       1983.    
   1983.       1983.       1983.       1983.       1983.       1983.    
   1983.       1983.       1983.       1983.       1983.       1983.    
   1983.       1983.       1983.       1983.       1983.       1983.    
   1983.       1983.       1983.       1983.       1983.       1983.    
   1983.       1983.       1983.       1983.       1983.       1983.    
   1983.       1983.       1983.       1983.       1983.       1983.    
   1983.       1983.       1983.       1983.       1983.       1983.    
   1983.       1983.       1983.       1983.       1983.       1983.    
   1983.       1983.       1983.       1983.       1983.       1983.    
   1983.       1983.       1983.       1983.       1983.       1983.    
   1983.       1983.       1983.       1983.       1983.       1983.    
   1983.       1983.       1983.       1983.       1983.       1983.    
   1983.       1983.       1983.       1983.       1983.       1983.    
   1983.       1983.       1983.       1983.       1983.       1983.    
   1983.       1983.       1983.       1983.       1983.       1983.    
   1983.       1983.       1983.       1983.       1983.       1983.    
   1983.       1983.       1983.       1983.       1983.       1983.    
   1983.       1983.       1983.       1983.       1983.       1983.    
   1984.       1984.       1984.       1984.       1984.       1984.    
   1984.       1984.       1984.       1984.       1984.       1984.    
   1984.       1984.       1984.       1984.       1984.       1984.    
   1984.       1984.       1984.       1984.       1984.       1984.    
   1984.       1984.       1984.       1984.       1984.       1984.    
   1984.       1984.       1984.       1984.       1984.       1984.    
   1984.       1984.       1984.       1984.       1984.       1984.    
   1984.       1984.       1984.       1984.       1984.       1984.    
   1984.       1984.       1984.       1984.       1984.       1984.    
   1984.       1984.       1984.       1984.       1984.       1984.    
   1984.       1984.       1984.       1984.       1984.       1984.    
   1984.       1984.       1984.       1984.       1984.       1984.    
   1984.       1984.       1984.       1984.       1984.       1984.    
   1984.       1984.       1984.       1984.       1984.       1984.    
   1984.       1984.       1984.       1984.       1984.       1984.    
   1984.       1984.       1984.       1984.       1984.       1984.    
   1984.       1984.       1984.       1984.       1984.       1984.    
   1984.       1984.       1984.       1984.       1984.       1984.    
   1984.       1984.       1984.       1984.       1984.       1984.    
   1984.       1984.       1984.       1984.       1984.       1984.    
   1984.       1984.       1984.       1984.       1984.       1984.    
   1984.       1984.       1984.       1984.       1984.       1984.    
   1984.       1984.       1984.       1984.       1984.       1984.    
   1984.       1984.       1984.       1984.       1984.       1984.    
   1984.       1984.       1984.       1984.       1984.       1984.    
   1984.       1984.       1984.       1984.       1984.       1984.    
   1984.       1984.       1984.       1984.       1984.       1984.    
   1984.       1984.       1984.       1984.       1984.       1984.    
   1984.       1984.       1984.       1984.       1984.       1984.    
   1984.       1984.       1984.       1984.       1984.       1984.    
   1984.       1984.       1985.       1985.       1985.       1985.    
   1985.       1985.       1985.       1985.       1985.       1985.    
   1985.       1985.       1985.       1985.       1985.       1985.    
   1985.       1985.       1985.       1985.       1985.       1985.    
   1985.       1985.       1985.       1985.       1985.       1985.    
   1985.       1985.       1985.       1985.       1985.       1985.    
   1985.       1985.       1985.       1985.       1985.       1985.    
   1985.       1985.       1985.       1985.       1985.       1985.    
   1985.       1985.       1985.       1985.       1985.       1985.    
   1985.       1985.       1985.       1985.       1985.       1985.    
   1985.       1985.       1985.       1985.       1985.       1985.    
   1985.       1985.       1985.       1985.       1985.       1985.    
   1985.       1985.       1985.       1985.       1985.       1985.    
   1985.       1985.       1985.       1985.       1985.       1985.    
   1985.       1985.       1985.       1985.       1985.       1985.    
   1985.       1985.       1985.       1985.       1985.       1985.    
   1985.       1985.       1985.       1985.       1985.       1985.    
   1985.       1985.       1985.       1985.       1985.       1985.    
   1985.       1985.       1985.       1985.       1985.       1985.    
   1985.       1985.       1985.       1985.       1985.       1985.    
   1985.       1985.       1985.       1985.       1985.       1985.    
   1985.       1985.       1985.       1985.       1985.       1985.    
   1985.       1985.       1985.       1985.       1985.       1985.    
   1985.       1985.       1985.       1985.       1985.       1985.    
   1985.       1985.       1985.       1985.       1985.       1985.    
   1985.       1985.       1985.       1985.       1985.       1985.    
   1985.       1985.       1985.       1985.       1985.       1985.    
   1985.       1985.       1985.       1985.       1985.       1985.    
   1985.       1985.       1985.       1985.       1985.       1985.    
   1985.       1985.       1985.       1985.       1985.       1985.    
   1985.       1985.       1985.       1985.       1986.       1986.    
   1986.       1986.       1986.       1986.       1986.       1986.    
   1986.       1986.       1986.       1986.       1986.       1986.    
   1986.       1986.       1986.       1986.       1986.       1986.    
   1986.       1986.       1986.       1986.       1986.       1986.    
   1986.       1986.       1986.       1986.       1986.       1986.    
   1986.       1986.       1986.       1986.       1986.       1986.    
   1986.       1986.       1986.       1986.       1986.       1986.    
   1986.       1986.       1986.       1986.       1986.       1986.    
   1986.       1986.       1986.       1986.       1986.       1986.    
   1986.       1986.       1986.       1986.       1986.       1986.    
   1986.       1986.       1986.       1986.       1986.       1986.    
   1986.       1986.       1986.       1986.       1986.       1986.    
   1986.       1986.       1986.       1986.       1986.       1986.    
   1986.       1986.       1986.       1986.       1986.       1986.    
   1986.       1986.       1986.       1986.       1986.       1986.    
   1986.       1986.       1986.       1986.       1986.       1986.    
   1986.       1986.       1986.       1986.       1986.       1986.    
   1986.       1986.       1986.       1986.       1986.       1986.    
   1986.       1986.       1986.       1986.       1986.       1986.    
   1986.       1986.       1986.       1986.       1986.       1986.    
   1986.       1986.       1986.       1986.       1986.       1986.    
   1986.       1986.       1986.       1986.       1986.       1986.    
   1986.       1986.       1986.       1986.       1986.       1986.    
   1986.       1986.       1986.       1986.       1986.       1986.    
   1986.       1986.       1986.       1986.       1986.       1986.    
   1986.       1986.       1986.       1986.       1986.       1986.    
   1986.       1986.       1986.       1986.       1986.       1986.    
   1986.       1986.       1986.       1986.       1986.       1986.    
   1986.       1986.       1986.       1986.       1986.       1986.    
   1986.       1986.       1986.       1986.       1986.       1986.    
   1986.       1987.       1987.       1987.       1987.       1987.    
   1987.       1987.       1987.       1987.       1987.       1987.    
   1987.       1987.       1987.       1987.       1987.       1987.    
   1987.       1987.       1987.       1987.       1987.       1987.    
   1987.       1987.       1987.       1987.       1987.       1987.    
   1987.       1987.       1987.       1987.       1987.       1987.    
   1987.       1987.       1987.       1987.       1987.       1987.    
   1987.       1987.       1987.       1987.       1987.       1987.    
   1987.       1987.       1987.       1987.       1987.       1987.    
   1987.       1987.       1987.       1987.       1987.       1987.    
   1987.       1987.       1987.       1987.       1987.       1987.    
   1987.       1987.       1987.       1987.       1987.       1987.    
   1987.       1987.       1987.       1987.       1987.       1987.    
   1987.       1987.       1987.       1987.       1987.       1987.    
   1987.       1987.       1987.       1987.       1987.       1987.    
   1987.       1987.       1987.       1987.       1987.       1987.    
   1987.       1987.       1987.       1987.       1987.       1987.    
   1987.       1987.       1987.       1987.       1987.       1987.    
   1987.       1987.       1987.       1987.       1987.       1987.    
   1987.       1987.       1987.       1987.       1987.       1987.    
   1987.       1987.       1987.       1987.       1987.       1987.    
   1987.       1987.       1987.       1987.       1987.       1987.    
   1987.       1987.       1987.       1987.       1987.       1987.    
   1987.       1987.       1987.       1987.       1987.       1987.    
   1987.       1987.       1987.       1987.       1987.       1987.    
   1987.       1987.       1987.       1987.       1987.       1987.    
   1987.       1987.       1987.       1987.       1987.       1987.    
   1987.       1987.       1987.       1987.       1987.       1987.    
   1987.       1987.       1987.       1987.       1987.       1987.    
   1987.       1987.       1987.       1987.       1987.       1987.    
   1987.       1987.       1987.       1988.       1988.       1988.    
   1988.       1988.       1988.       1988.       1988.       1988.    
   1988.       1988.       1988.       1988.       1988.       1988.    
   1988.       1988.       1988.       1988.       1988.       1988.    
   1988.       1988.       1988.       1988.       1988.       1988.    
   1988.       1988.       1988.       1988.       1988.       1988.    
   1988.       1988.       1988.       1988.       1988.       1988.    
   1988.       1988.       1988.       1988.       1988.       1988.    
   1988.       1988.       1988.       1988.       1988.       1988.    
   1988.       1988.       1988.       1988.       1988.       1988.    
   1988.       1988.       1988.       1988.       1988.       1988.    
   1988.       1988.       1988.       1988.       1988.       1988.    
   1988.       1988.       1988.       1988.       1988.       1988.    
   1988.       1988.       1988.       1988.       1988.       1988.    
   1988.       1988.       1988.       1988.       1988.       1988.    
   1988.       1988.       1988.       1988.       1988.       1988.    
   1988.       1988.       1988.       1988.       1988.       1988.    
   1988.       1988.       1988.       1988.       1988.       1988.    
   1988.       1988.       1988.       1988.       1988.       1988.    
   1988.       1988.       1988.       1988.       1988.       1988.    
   1988.       1988.       1988.       1988.       1988.       1988.    
   1988.       1988.       1988.       1988.       1988.       1988.    
   1988.       1988.       1988.       1988.       1988.       1988.    
   1988.       1988.       1988.       1988.       1988.       1988.    
   1988.       1988.       1988.       1988.       1988.       1988.    
   1988.       1988.       1988.       1988.       1988.       1988.    
   1988.       1988.       1988.       1988.       1988.       1988.    
   1988.       1988.       1988.       1988.       1988.       1988.    
   1988.       1988.       1988.       1988.       1988.       1988.    
   1988.       1988.       1988.       1988.       1988.       1988.    
   1988.       1988.       1988.       1988.       1988.       1989.    
   1989.       1989.       1989.       1989.       1989.       1989.    
   1989.       1989.       1989.       1989.       1989.       1989.    
   1989.       1989.       1989.       1989.       1989.       1989.    
   1989.       1989.       1989.       1989.       1989.       1989.    
   1989.       1989.       1989.       1989.       1989.       1989.    
   1989.       1989.       1989.       1989.       1989.       1989.    
   1989.       1989.       1989.       1989.       1989.       1989.    
   1989.       1989.       1989.       1989.       1989.       1989.    
   1989.       1989.       1989.       1989.       1989.       1989.    
   1989.       1989.       1989.       1989.       1989.       1989.    
   1989.       1989.       1989.       1989.       1989.       1989.    
   1989.       1989.       1989.       1989.       1989.       1989.    
   1989.       1989.       1989.       1989.       1989.       1989.    
   1989.       1989.       1989.       1989.       1989.       1989.    
   1989.       1989.       1989.       1989.       1989.       1989.    
   1989.       1989.       1989.       1989.       1989.       1989.    
   1989.       1989.       1989.       1989.       1989.       1989.    
   1989.       1989.       1989.       1989.       1989.       1989.    
   1989.       1989.       1989.       1989.       1989.       1989.    
   1989.       1989.       1989.       1989.       1989.       1989.    
   1989.       1989.       1989.       1989.       1989.       1989.    
   1989.       1989.       1989.       1989.       1989.       1989.    
   1989.       1989.       1989.       1989.       1989.       1989.    
   1989.       1989.       1989.       1989.       1989.       1989.    
   1989.       1989.       1989.       1989.       1989.       1989.    
   1989.       1989.       1989.       1989.       1989.       1989.    
   1989.       1989.       1989.       1989.       1989.       1989.    
   1989.       1989.       1989.       1989.       1989.       1989.    
   1989.       1989.       1989.       1989.       1989.       1989.    
   1989.       1989.       1989.       1989.       1989.       1989.    
   1989.       1990.       1990.       1990.       1990.       1990.    
   1990.       1990.       1990.       1990.       1990.       1990.    
   1990.       1990.       1990.       1990.       1990.       1990.    
   1990.       1990.       1990.       1990.       1990.       1990.    
   1990.       1990.       1990.       1990.       1990.       1990.    
   1990.       1990.       1990.       1990.       1990.       1990.    
   1990.       1990.       1990.       1990.       1990.       1990.    
   1990.       1990.       1990.       1990.       1990.       1990.    
   1990.       1990.       1990.       1990.       1990.       1990.    
   1990.       1990.       1990.       1990.       1990.       1990.    
   1990.       1990.       1990.       1990.       1990.       1990.    
   1990.       1990.       1990.       1990.       1990.       1990.    
   1990.       1990.       1990.       1990.       1990.       1990.    
   1990.       1990.       1990.       1990.       1990.       1990.    
   1990.       1990.       1990.       1990.       1990.       1990.    
   1990.       1990.       1990.       1990.       1990.       1990.    
   1990.       1990.       1990.       1990.       1990.       1990.    
   1990.       1990.       1990.       1990.       1990.       1990.    
   1990.       1990.       1990.       1990.       1990.       1990.    
   1990.       1990.       1990.       1990.       1990.       1990.    
   1990.       1990.       1990.       1990.       1990.       1990.    
   1990.       1990.       1990.       1990.       1990.       1990.    
   1990.       1990.       1990.       1990.       1990.       1990.    
   1990.       1990.       1990.       1990.       1990.       1990.    
   1990.       1990.       1990.       1990.       1990.       1990.    
   1990.       1990.       1990.       1990.       1990.       1990.    
   1990.       1990.       1990.       1990.       1990.       1990.    
   1990.       1990.       1990.       1990.       1990.       1990.    
   1990.       1990.       1990.       1990.       1990.       1990.    
   1990.       1990.       1990.       1990.       1990.       1990.    
   1990.       1990.       1990.       1990.       1991.       1991.    
   1991.       1991.       1991.       1991.       1991.       1991.    
   1991.       1991.       1991.       1991.       1991.       1991.    
   1991.       1991.       1991.       1991.       1991.       1991.    
   1991.       1991.       1991.       1991.       1991.       1991.    
   1991.       1991.       1991.       1991.       1991.       1991.    
   1991.       1991.       1991.       1991.       1991.       1991.    
   1991.       1991.       1991.       1991.       1991.       1991.    
   1991.       1991.       1991.       1991.       1991.       1991.    
   1991.       1991.       1991.       1991.       1991.       1991.    
   1991.       1991.       1991.       1991.       1991.       1991.    
   1991.       1991.       1991.       1991.       1991.       1991.    
   1991.       1991.       1991.       1991.       1991.       1991.    
   1991.       1991.       1991.       1991.       1991.       1991.    
   1991.       1991.       1991.       1991.       1991.       1991.    
   1991.       1991.       1991.       1991.       1991.       1991.    
   1991.       1991.       1991.       1991.       1991.       1991.    
   1991.       1991.       1991.       1991.       1991.       1991.    
   1991.       1991.       1991.       1991.       1991.       1991.    
   1991.       1991.       1991.       1991.       1991.       1991.    
   1991.       1991.       1991.       1991.       1991.       1991.    
   1991.       1991.       1991.       1991.       1991.       1991.    
   1991.       1991.       1991.       1991.       1991.       1991.    
   1991.       1991.       1991.       1991.       1991.       1991.    
   1991.       1991.       1991.       1991.       1991.       1991.    
   1991.       1991.       1991.       1991.       1991.       1991.    
   1991.       1991.       1991.       1991.       1991.       1991.    
   1991.       1991.       1991.       1991.       1991.       1991.    
   1991.       1991.       1991.       1991.       1991.       1991.    
   1991.       1991.       1991.       1991.       1991.       1991.    
   1991.       1991.       1991.       1991.       1991.       1991.    
   1992.       1992.       1992.       1992.       1992.       1992.    
   1992.       1992.       1992.       1992.       1992.       1992.    
   1992.       1992.       1992.       1992.       1992.       1992.    
   1992.       1992.       1992.       1992.       1992.       1992.    
   1992.       1992.       1992.       1992.       1992.       1992.    
   1992.       1992.       1992.       1992.       1992.       1992.    
   1992.       1992.       1992.       1992.       1992.       1992.    
   1992.       1992.       1992.       1992.       1992.       1992.    
   1992.       1992.       1992.       1992.       1992.       1992.    
   1992.       1992.       1992.       1992.       1992.       1992.    
   1992.       1992.       1992.       1992.       1992.       1992.    
   1992.       1992.       1992.       1992.       1992.       1992.    
   1992.       1992.       1992.       1992.       1992.       1992.    
   1992.       1992.       1992.       1992.       1992.       1992.    
   1992.       1992.       1992.       1992.       1992.       1992.    
   1992.       1992.       1992.       1992.       1992.       1992.    
   1992.       1992.       1992.       1992.       1992.       1992.    
   1992.       1992.       1992.       1992.       1992.       1992.    
   1992.       1992.       1992.       1992.       1992.       1992.    
   1992.       1992.       1992.       1992.       1992.       1992.    
   1992.       1992.       1992.       1992.       1992.       1992.    
   1992.       1992.       1992.       1992.       1992.       1992.    
   1992.       1992.       1992.       1992.       1992.       1992.    
   1992.       1992.       1992.       1992.       1992.       1992.    
   1992.       1992.       1992.       1992.       1992.       1992.    
   1992.       1992.       1992.       1992.       1992.       1992.    
   1992.       1992.       1992.       1992.       1992.       1992.    
   1992.       1992.       1992.       1992.       1992.       1992.    
   1992.       1992.       1992.       1992.       1992.       1992.    
   1992.       1992.       1992.       1992.       1992.       1992.    
   1992.       1992.       1993.       1993.       1993.       1993.    
   1993.       1993.       1993.       1993.       1993.       1993.    
   1993.       1993.       1993.       1993.       1993.       1993.    
   1993.       1993.       1993.       1993.       1993.       1993.    
   1993.       1993.       1993.       1993.       1993.       1993.    
   1993.       1993.       1993.       1993.       1993.       1993.    
   1993.       1993.       1993.       1993.       1993.       1993.    
   1993.       1993.       1993.       1993.       1993.       1993.    
   1993.       1993.       1993.       1993.       1993.       1993.    
   1993.       1993.       1993.       1993.       1993.       1993.    
   1993.       1993.       1993.       1993.       1993.       1993.    
   1993.       1993.       1993.       1993.       1993.       1993.    
   1993.       1993.       1993.       1993.       1993.       1993.    
   1993.       1993.       1993.       1993.       1993.       1993.    
   1993.       1993.       1993.       1993.       1993.       1993.    
   1993.       1993.       1993.       1993.       1993.       1993.    
   1993.       1993.       1993.       1993.       1993.       1993.    
   1993.       1993.       1993.       1993.       1993.       1993.    
   1993.       1993.       1993.       1993.       1993.       1993.    
   1993.       1993.       1993.       1993.       1993.       1993.    
   1993.       1993.       1993.       1993.       1993.       1993.    
   1993.       1993.       1993.       1993.       1993.       1993.    
   1993.       1993.       1993.       1993.       1993.       1993.    
   1993.       1993.       1993.       1993.       1993.       1993.    
   1993.       1993.       1993.       1993.       1993.       1993.    
   1993.       1993.       1993.       1993.       1993.       1993.    
   1993.       1993.       1993.       1993.       1993.       1993.    
   1993.       1993.       1993.       1993.       1993.       1993.    
   1993.       1993.       1993.       1993.       1993.       1993.    
   1993.       1993.       1993.       1993.       1993.       1993.    
   1993.       1993.       1993.       1993.       1994.       1994.    
   1994.       1994.       1994.       1994.       1994.       1994.    
   1994.       1994.       1994.       1994.       1994.       1994.    
   1994.       1994.       1994.       1994.       1994.       1994.    
   1994.       1994.       1994.       1994.       1994.       1994.    
   1994.       1994.       1994.       1994.       1994.       1994.    
   1994.       1994.       1994.       1994.       1994.       1994.    
   1994.       1994.       1994.       1994.       1994.       1994.    
   1994.       1994.       1994.       1994.       1994.       1994.    
   1994.       1994.       1994.       1994.       1994.       1994.    
   1994.       1994.       1994.       1994.       1994.       1994.    
   1994.       1994.       1994.       1994.       1994.       1994.    
   1994.       1994.       1994.       1994.       1994.       1994.    
   1994.       1994.       1994.       1994.       1994.       1994.    
   1994.       1994.       1994.       1994.       1994.       1994.    
   1994.       1994.       1994.       1994.       1994.       1994.    
   1994.       1994.       1994.       1994.       1994.       1994.    
   1994.       1994.       1994.       1994.       1994.       1994.    
   1994.       1994.       1994.       1994.       1994.       1994.    
   1994.       1994.       1994.       1994.       1994.       1994.    
   1994.       1994.       1994.       1994.       1994.       1994.    
   1994.       1994.       1994.       1994.       1994.       1994.    
   1994.       1994.       1994.       1994.       1994.       1994.    
   1994.       1994.       1994.       1994.       1994.       1994.    
   1994.       1994.       1994.       1994.       1994.       1994.    
   1994.       1994.       1994.       1994.       1994.       1994.    
   1994.       1994.       1994.       1994.       1994.       1994.    
   1994.       1994.       1994.       1994.       1994.       1994.    
   1994.       1994.       1994.       1994.       1994.       1994.    
   1994.       1994.       1994.       1994.       1994.       1994.    
   1994.       1994.       1994.       1994.       1994.       1994.    
   1995.       1995.       1995.       1995.       1995.       1995.    
   1995.       1995.       1995.       1995.       1995.       1995.    
   1995.       1995.       1995.       1995.       1995.       1995.    
   1995.       1995.       1995.       1995.       1995.       1995.    
   1995.       1995.       1995.       1995.       1995.       1995.    
   1995.       1995.       1995.       1995.       1995.       1995.    
   1995.       1995.       1995.       1995.       1995.       1995.    
   1995.       1995.       1995.       1995.       1995.       1995.    
   1995.       1995.       1995.       1995.       1995.       1995.    
   1995.       1995.       1995.       1995.       1995.       1995.    
   1995.       1995.       1995.       1995.       1995.       1995.    
   1995.       1995.       1995.       1995.       1995.       1995.    
   1995.       1995.       1995.       1995.       1995.       1995.    
   1995.       1995.       1995.       1995.       1995.       1995.    
   1995.       1995.       1995.       1995.       1995.       1995.    
   1995.       1995.       1995.       1995.       1995.       1995.    
   1995.       1995.       1995.       1995.       1995.       1995.    
   1995.       1995.       1995.       1995.       1995.       1995.    
   1995.       1995.       1995.       1995.       1995.       1995.    
   1995.       1995.       1995.       1995.       1995.       1995.    
   1995.       1995.       1995.       1995.       1995.       1995.    
   1995.       1995.       1995.       1995.       1995.       1995.    
   1995.       1995.       1995.       1995.       1995.       1995.    
   1995.       1995.       1995.       1995.       1995.       1995.    
   1995.       1995.       1995.       1995.       1995.       1995.    
   1995.       1995.       1995.       1995.       1995.       1995.    
   1995.       1995.       1995.       1995.       1995.       1995.    
   1995.       1995.       1995.       1995.       1995.       1995.    
   1995.       1995.       1995.       1995.       1995.       1995.    
   1995.       1995.       1995.       1995.       1995.       1995.    
   1995.       1995.       1995.       1996.       1996.       1996.    
   1996.       1996.       1996.       1996.       1996.       1996.    
   1996.       1996.       1996.       1996.       1996.       1996.    
   1996.       1996.       1996.       1996.       1996.       1996.    
   1996.       1996.       1996.       1996.       1996.       1996.    
   1996.       1996.       1996.       1996.       1996.       1996.    
   1996.       1996.       1996.       1996.       1996.       1996.    
   1996.       1996.       1996.       1996.       1996.       1996.    
   1996.       1996.       1996.       1996.       1996.       1996.    
   1996.       1996.       1996.       1996.       1996.       1996.    
   1996.       1996.       1996.       1996.       1996.       1996.    
   1996.       1996.       1996.       1996.       1996.       1996.    
   1996.       1996.       1996.       1996.       1996.       1996.    
   1996.       1996.       1996.       1996.       1996.       1996.    
   1996.       1996.       1996.       1996.       1996.       1996.    
   1996.       1996.       1996.       1996.       1996.       1996.    
   1996.       1996.       1996.       1996.       1996.       1996.    
   1996.       1996.       1996.       1996.       1996.       1996.    
   1996.       1996.       1996.       1996.       1996.       1996.    
   1996.       1996.       1996.       1996.       1996.       1996.    
   1996.       1996.       1996.       1996.       1996.       1996.    
   1996.       1996.       1996.       1996.       1996.       1996.    
   1996.       1996.       1996.       1996.       1996.       1996.    
   1996.       1996.       1996.       1996.       1996.       1996.    
   1996.       1996.       1996.       1996.       1996.       1996.    
   1996.       1996.       1996.       1996.       1996.       1996.    
   1996.       1996.       1996.       1996.       1996.       1996.    
   1996.       1996.       1996.       1996.       1996.       1996.    
   1996.       1996.       1996.       1996.       1996.       1996.    
   1996.       1996.       1996.       1996.       1996.       1996.    
   1996.       1996.       1996.       1996.       1996.       1997.    
   1997.       1997.       1997.       1997.       1997.       1997.    
   1997.       1997.       1997.       1997.       1997.       1997.    
   1997.       1997.       1997.       1997.       1997.       1997.    
   1997.       1997.       1997.       1997.       1997.       1997.    
   1997.       1997.       1997.       1997.       1997.       1997.    
   1997.       1997.       1997.       1997.       1997.       1997.    
   1997.       1997.       1997.       1997.       1997.       1997.    
   1997.       1997.       1997.       1997.       1997.       1997.    
   1997.       1997.       1997.       1997.       1997.       1997.    
   1997.       1997.       1997.       1997.       1997.       1997.    
   1997.       1997.       1997.       1997.       1997.       1997.    
   1997.       1997.       1997.       1997.       1997.       1997.    
   1997.       1997.       1997.       1997.       1997.       1997.    
   1997.       1997.       1997.       1997.       1997.       1997.    
   1997.       1997.       1997.       1997.       1997.       1997.    
   1997.       1997.       1997.       1997.       1997.       1997.    
   1997.       1997.       1997.       1997.       1997.       1997.    
   1997.       1997.       1997.       1997.       1997.       1997.    
   1997.       1997.       1997.       1997.       1997.       1997.    
   1997.       1997.       1997.       1997.       1997.       1997.    
   1997.       1997.       1997.       1997.       1997.       1997.    
   1997.       1997.       1997.       1997.       1997.       1997.    
   1997.       1997.       1997.       1997.       1997.       1997.    
   1997.       1997.       1997.       1997.       1997.       1997.    
   1997.       1997.       1997.       1997.       1997.       1997.    
   1997.       1997.       1997.       1997.       1997.       1997.    
   1997.       1997.       1997.       1997.       1997.       1997.    
   1997.       1997.       1997.       1997.       1997.       1997.    
   1997.       1997.       1997.       1997.       1997.       1997.    
   1997.       1997.       1997.       1997.       1997.       1997.    
   1997.       1998.       1998.       1998.       1998.       1998.    
   1998.       1998.       1998.       1998.       1998.       1998.    
   1998.       1998.       1998.       1998.       1998.       1998.    
   1998.       1998.       1998.       1998.       1998.       1998.    
   1998.       1998.       1998.       1998.       1998.       1998.    
   1998.       1998.       1998.       1998.       1998.       1998.    
   1998.       1998.       1998.       1998.       1998.       1998.    
   1998.       1998.       1998.       1998.       1998.       1998.    
   1998.       1998.       1998.       1998.       1998.       1998.    
   1998.       1998.       1998.       1998.       1998.       1998.    
   1998.       1998.       1998.       1998.       1998.       1998.    
   1998.       1998.       1998.       1998.       1998.       1998.    
   1998.       1998.       1998.       1998.       1998.       1998.    
   1998.       1998.       1998.       1998.       1998.       1998.    
   1998.       1998.       1998.       1998.       1998.       1998.    
   1998.       1998.       1998.       1998.       1998.       1998.    
   1998.       1998.       1998.       1998.       1998.       1998.    
   1998.       1998.       1998.       1998.       1998.       1998.    
   1998.       1998.       1998.       1998.       1998.       1998.    
   1998.       1998.       1998.       1998.       1998.       1998.    
   1998.       1998.       1998.       1998.       1998.       1998.    
   1998.       1998.       1998.       1998.       1998.       1998.    
   1998.       1998.       1998.       1998.       1998.       1998.    
   1998.       1998.       1998.       1998.       1998.       1998.    
   1998.       1998.       1998.       1998.       1998.       1998.    
   1998.       1998.       1998.       1998.       1998.       1998.    
   1998.       1998.       1998.       1998.       1998.       1998.    
   1998.       1998.       1998.       1998.       1998.       1998.    
   1998.       1998.       1998.       1998.       1998.       1998.    
   1998.       1998.       1998.       1998.       1998.       1998.    
   1998.       1998.       1998.       1999.       1999.       1999.    
   1999.       1999.       1999.       1999.       1999.       1999.    
   1999.       1999.       1999.       1999.       1999.       1999.    
   1999.       1999.       1999.       1999.       1999.       1999.    
   1999.       1999.       1999.       1999.       1999.       1999.    
   1999.       1999.       1999.       1999.       1999.       1999.    
   1999.       1999.       1999.       1999.       1999.       1999.    
   1999.       1999.       1999.       1999.       1999.       1999.    
   1999.       1999.       1999.       1999.       1999.       1999.    
   1999.       1999.       1999.       1999.       1999.       1999.    
   1999.       1999.       1999.       1999.       1999.       1999.    
   1999.       1999.       1999.       1999.       1999.       1999.    
   1999.       1999.       1999.       1999.       1999.       1999.    
   1999.       1999.       1999.       1999.       1999.       1999.    
   1999.       1999.       1999.       1999.       1999.       1999.    
   1999.       1999.       1999.       1999.       1999.       1999.    
   1999.       1999.       1999.       1999.       1999.       1999.    
   1999.       1999.       1999.       1999.       1999.       1999.    
   1999.       1999.       1999.       1999.       1999.       1999.    
   1999.       1999.       1999.       1999.       1999.       1999.    
   1999.       1999.       1999.       1999.       1999.       1999.    
   1999.       1999.       1999.       1999.       1999.       1999.    
   1999.       1999.       1999.       1999.       1999.       1999.    
   1999.       1999.       1999.       1999.       1999.       1999.    
   1999.       1999.       1999.       1999.       1999.       1999.    
   1999.       1999.       1999.       1999.       1999.       1999.    
   1999.       1999.       1999.       1999.       1999.       1999.    
   1999.       1999.       1999.       1999.       1999.       1999.    
   1999.       1999.       1999.       1999.       1999.       1999.    
   1999.       1999.       1999.       1999.       1999.       1999.    
   1999.       1999.       1999.       1999.       1999.       2000.    
   2000.       2000.       2000.       2000.       2000.       2000.    
   2000.       2000.       2000.       2000.       2000.       2000.    
   2000.       2000.       2000.       2000.       2000.       2000.    
   2000.       2000.       2000.       2000.       2000.       2000.    
   2000.       2000.       2000.       2000.       2000.       2000.    
   2000.       2000.       2000.       2000.       2000.       2000.    
   2000.       2000.       2000.       2000.       2000.       2000.    
   2000.       2000.       2000.       2000.       2000.       2000.    
   2000.       2000.       2000.       2000.       2000.       2000.    
   2000.       2000.       2000.       2000.       2000.       2000.    
   2000.       2000.       2000.       2000.       2000.       2000.    
   2000.       2000.       2000.       2000.       2000.       2000.    
   2000.       2000.       2000.       2000.       2000.       2000.    
   2000.       2000.       2000.       2000.       2000.       2000.    
   2000.       2000.       2000.       2000.       2000.       2000.    
   2000.       2000.       2000.       2000.       2000.       2000.    
   2000.       2000.       2000.       2000.       2000.       2000.    
   2000.       2000.       2000.       2000.       2000.       2000.    
   2000.       2000.       2000.       2000.       2000.       2000.    
   2000.       2000.       2000.       2000.       2000.       2000.    
   2000.       2000.       2000.       2000.       2000.       2000.    
   2000.       2000.       2000.       2000.       2000.       2000.    
   2000.       2000.       2000.       2000.       2000.       2000.    
   2000.       2000.       2000.       2000.       2000.       2000.    
   2000.       2000.       2000.       2000.       2000.       2000.    
   2000.       2000.       2000.       2000.       2000.       2000.    
   2000.       2000.       2000.       2000.       2000.       2000.    
   2000.       2000.       2000.       2000.       2000.       2000.    
   2000.       2000.       2000.       2000.       2000.       2000.    
   2000.       2000.       2000.       2000.       2000.       2000.    
   2000.       2000.       2001.       2001.       2001.       2001.    
   2001.       2001.       2001.       2001.       2001.       2001.    
   2001.       2001.       2001.       2001.       2001.       2001.    
   2001.       2001.       2001.       2001.       2001.       2001.    
   2001.       2001.       2001.       2001.       2001.       2001.    
   2001.       2001.       2001.       2001.       2001.       2001.    
   2001.       2001.       2001.       2001.       2001.       2001.    
   2001.       2001.       2001.       2001.       2001.       2001.    
   2001.       2001.       2001.       2001.       2001.       2001.    
   2001.       2001.       2001.       2001.       2001.       2001.    
   2001.       2001.       2001.       2001.       2001.       2001.    
   2001.       2001.       2001.       2001.       2001.       2001.    
   2001.       2001.       2001.       2001.       2001.       2001.    
   2001.       2001.       2001.       2001.       2001.       2001.    
   2001.       2001.       2001.       2001.       2001.       2001.    
   2001.       2001.       2001.       2001.       2001.       2001.    
   2001.       2001.       2001.       2001.       2001.       2001.    
   2001.       2001.       2001.       2001.       2001.       2001.    
   2001.       2001.       2001.       2001.       2001.       2001.    
   2001.       2001.       2001.       2001.       2001.       2001.    
   2001.       2001.       2001.       2001.       2001.       2001.    
   2001.       2001.       2001.       2001.       2001.       2001.    
   2001.       2001.       2001.       2001.       2001.       2001.    
   2001.       2001.       2001.       2001.       2001.       2001.    
   2001.       2001.       2001.       2001.       2001.       2001.    
   2001.       2001.       2001.       2001.       2001.       2001.    
   2001.       2001.       2001.       2001.       2001.       2001.    
   2001.       2001.       2001.       2001.       2001.       2001.    
   2001.       2001.       2001.       2001.       2001.       2001.    
   2001.       2001.       2001.       2001.       2001.       2001.    
   2001.       2001.       2001.       2001.       2002.       2002.    
   2002.       2002.       2002.       2002.       2002.       2002.    
   2002.       2002.       2002.       2002.       2002.       2002.    
   2002.       2002.       2002.       2002.       2002.       2002.    
   2002.       2002.       2002.       2002.       2002.       2002.    
   2002.       2002.       2002.       2002.       2002.       2002.    
   2002.       2002.       2002.       2002.       2002.       2002.    
   2002.       2002.       2002.       2002.       2002.       2002.    
   2002.       2002.       2002.       2002.       2002.       2002.    
   2002.       2002.       2002.       2002.       2002.       2002.    
   2002.       2002.       2002.       2002.       2002.       2002.    
   2002.       2002.       2002.       2002.       2002.       2002.    
   2002.       2002.       2002.       2002.       2002.       2002.    
   2002.       2002.       2002.       2002.       2002.       2002.    
   2002.       2002.       2002.       2002.       2002.       2002.    
   2002.       2002.       2002.       2002.       2002.       2002.    
   2002.       2002.       2002.       2002.       2002.       2002.    
   2002.       2002.       2002.       2002.       2002.       2002.    
   2002.       2002.       2002.       2002.       2002.       2002.    
   2002.       2002.       2002.       2002.       2002.       2002.    
   2002.       2002.       2002.       2002.       2002.       2002.    
   2002.       2002.       2002.       2002.       2002.       2002.    
   2002.       2002.       2002.       2002.       2002.       2002.    
   2002.       2002.       2002.       2002.       2002.       2002.    
   2002.       2002.       2002.       2002.       2002.       2002.    
   2002.       2002.       2002.       2002.       2002.       2002.    
   2002.       2002.       2002.       2002.       2002.       2002.    
   2002.       2002.       2002.       2002.       2002.       2002.    
   2002.       2002.       2002.       2002.       2002.       2002.    
   2002.       2002.       2002.       2002.       2002.       2002.    
   2002.       2002.       2002.       2002.       2002.       2002.    
   2003.       2003.       2003.       2003.       2003.       2003.    
   2003.       2003.       2003.       2003.       2003.       2003.    
   2003.       2003.       2003.       2003.       2003.       2003.    
   2003.       2003.       2003.       2003.       2003.       2003.    
   2003.       2003.       2003.       2003.       2003.       2003.    
   2003.       2003.       2003.       2003.       2003.       2003.    
   2003.       2003.       2003.       2003.       2003.       2003.    
   2003.       2003.       2003.       2003.       2003.       2003.    
   2003.       2003.       2003.       2003.       2003.       2003.    
   2003.       2003.       2003.       2003.       2003.       2003.    
   2003.       2003.       2003.       2003.       2003.       2003.    
   2003.       2003.       2003.       2003.       2003.       2003.    
   2003.       2003.       2003.       2003.       2003.       2003.    
   2003.       2003.       2003.       2003.       2003.       2003.    
   2003.       2003.       2003.       2003.       2003.       2003.    
   2003.       2003.       2003.       2003.       2003.       2003.    
   2003.       2003.       2003.       2003.       2003.       2003.    
   2003.       2003.       2003.       2003.       2003.       2003.    
   2003.       2003.       2003.       2003.       2003.       2003.    
   2003.       2003.       2003.       2003.       2003.       2003.    
   2003.       2003.       2003.       2003.       2003.       2003.    
   2003.       2003.       2003.       2003.       2003.       2003.    
   2003.       2003.       2003.       2003.       2003.       2003.    
   2003.       2003.       2003.       2003.       2003.       2003.    
   2003.       2003.       2003.       2003.       2003.       2003.    
   2003.       2003.       2003.       2003.       2003.       2003.    
   2003.       2003.       2003.       2003.       2003.       2003.    
   2003.       2003.       2003.       2003.       2003.       2003.    
   2003.       2003.       2003.       2003.       2003.       2003.    
   2003.       2003.       2003.       2003.       2003.       2003.    
   2003.       2003.       2004.       2004.       2004.       2004.    
   2004.       2004.       2004.       2004.       2004.       2004.    
   2004.       2004.       2004.       2004.       2004.       2004.    
   2004.       2004.       2004.       2004.       2004.       2004.    
   2004.       2004.       2004.       2004.       2004.       2004.    
   2004.       2004.       2004.       2004.       2004.       2004.    
   2004.       2004.       2004.       2004.       2004.       2004.    
   2004.       2004.       2004.       2004.       2004.       2004.    
   2004.       2004.       2004.       2004.       2004.       2004.    
   2004.       2004.       2004.       2004.       2004.       2004.    
   2004.       2004.       2004.       2004.       2004.       2004.    
   2004.       2004.       2004.       2004.       2004.       2004.    
   2004.       2004.       2004.       2004.       2004.       2004.    
   2004.       2004.       2004.       2004.       2004.       2004.    
   2004.       2004.       2004.       2004.       2004.       2004.    
   2004.       2004.       2004.       2004.       2004.       2004.    
   2004.       2004.       2004.       2004.       2004.       2004.    
   2004.       2004.       2004.       2004.       2004.       2004.    
   2004.       2004.       2004.       2004.       2004.       2004.    
   2004.       2004.       2004.       2004.       2004.       2004.    
   2004.       2004.       2004.       2004.       2004.       2004.    
   2004.       2004.       2004.       2004.       2004.       2004.    
   2004.       2004.       2004.       2004.       2004.       2004.    
   2004.       2004.       2004.       2004.       2004.       2004.    
   2004.       2004.       2004.       2004.       2004.       2004.    
   2004.       2004.       2004.       2004.       2004.       2004.    
   2004.       2004.       2004.       2004.       2004.       2004.    
   2004.       2004.       2004.       2004.       2004.       2004.    
   2004.       2004.       2004.       2004.       2004.       2004.    
   2004.       2004.       2004.       2004.       2004.       2004.    
   2004.       2004.       2004.       2004.       2005.       2005.    
   2005.       2005.       2005.       2005.       2005.       2005.    
   2005.       2005.       2005.       2005.       2005.       2005.    
   2005.       2005.       2005.       2005.       2005.       2005.    
   2005.       2005.       2005.       2005.       2005.       2005.    
   2005.       2005.       2005.       2005.       2005.       2005.    
   2005.       2005.       2005.       2005.       2005.       2005.    
   2005.       2005.       2005.       2005.       2005.       2005.    
   2005.       2005.       2005.       2005.       2005.       2005.    
   2005.       2005.       2005.       2005.       2005.       2005.    
   2005.       2005.       2005.       2005.       2005.       2005.    
   2005.       2005.       2005.       2005.       2005.       2005.    
   2005.       2005.       2005.       2005.       2005.       2005.    
   2005.       2005.       2005.       2005.       2005.       2005.    
   2005.       2005.       2005.       2005.       2005.       2005.    
   2005.       2005.       2005.       2005.       2005.       2005.    
   2005.       2005.       2005.       2005.       2005.       2005.    
   2005.       2005.       2005.       2005.       2005.       2005.    
   2005.       2005.       2005.       2005.       2005.       2005.    
   2005.       2005.       2005.       2005.       2005.       2005.    
   2005.       2005.       2005.       2005.       2005.       2005.    
   2005.       2005.       2005.       2005.       2005.       2005.    
   2005.       2005.       2005.       2005.       2005.       2005.    
   2005.       2005.       2005.       2005.       2005.       2005.    
   2005.       2005.       2005.       2005.       2005.       2005.    
   2005.       2005.       2005.       2005.       2005.       2005.    
   2005.       2005.       2005.       2005.       2005.       2005.    
   2005.       2005.       2005.       2005.       2005.       2005.    
   2005.       2005.       2005.       2005.       2005.       2005.    
   2005.       2005.       2005.       2005.       2005.       2005.    
   2005.       2005.       2005.       2005.       2005.       2005.    
   2005.       2006.       2006.       2006.       2006.       2006.    
   2006.       2006.       2006.       2006.       2006.       2006.    
   2006.       2006.       2006.       2006.       2006.       2006.    
   2006.       2006.       2006.       2006.       2006.       2006.    
   2006.       2006.       2006.       2006.       2006.       2006.    
   2006.       2006.       2006.       2006.       2006.       2006.    
   2006.       2006.       2006.       2006.       2006.       2006.    
   2006.       2006.       2006.       2006.       2006.       2006.    
   2006.       2006.       2006.       2006.       2006.       2006.    
   2006.       2006.       2006.       2006.       2006.       2006.    
   2006.       2006.       2006.       2006.       2006.       2006.    
   2006.       2006.       2006.       2006.       2006.       2006.    
   2006.       2006.       2006.       2006.       2006.       2006.    
   2006.       2006.       2006.       2006.       2006.       2006.    
   2006.       2006.       2006.       2006.       2006.       2006.    
   2006.       2006.       2006.       2006.       2006.       2006.    
   2006.       2006.       2006.       2006.       2006.       2006.    
   2006.       2006.       2006.       2006.       2006.       2006.    
   2006.       2006.       2006.       2006.       2006.       2006.    
   2006.       2006.       2006.       2006.       2006.       2006.    
   2006.       2006.       2006.       2006.       2006.       2006.    
   2006.       2006.       2006.       2006.       2006.       2006.    
   2006.       2006.       2006.       2006.       2006.       2006.    
   2006.       2006.       2006.       2006.       2006.       2006.    
   2006.       2006.       2006.       2006.       2006.       2006.    
   2006.       2006.       2006.       2006.       2006.       2006.    
   2006.       2006.       2006.       2006.       2006.       2006.    
   2006.       2006.       2006.       2006.       2006.       2006.    
   2006.       2006.       2006.       2006.       2006.       2006.    
   2006.       2006.       2006.       2006.       2006.       2006.    
   2006.       2006.       2006.       2007.       2007.       2007.    
   2007.       2007.       2007.       2007.       2007.       2007.    
   2007.       2007.       2007.       2007.       2007.       2007.    
   2007.       2007.       2007.       2007.       2007.       2007.    
   2007.       2007.       2007.       2007.       2007.       2007.    
   2007.       2007.       2007.       2007.       2007.       2007.    
   2007.       2007.       2007.       2007.       2007.       2007.    
   2007.       2007.       2007.       2007.       2007.       2007.    
   2007.       2007.       2007.       2007.       2007.       2007.    
   2007.       2007.       2007.       2007.       2007.       2007.    
   2007.       2007.       2007.       2007.       2007.       2007.    
   2007.       2007.       2007.       2007.       2007.       2007.    
   2007.       2007.       2007.       2007.       2007.       2007.    
   2007.       2007.       2007.       2007.       2007.       2007.    
   2007.       2007.       2007.       2007.       2007.       2007.    
   2007.       2007.       2007.       2007.       2007.       2007.    
   2007.       2007.       2007.       2007.       2007.       2007.    
   2007.       2007.       2007.       2007.       2007.       2007.    
   2007.       2007.       2007.       2007.       2007.       2007.    
   2007.       2007.       2007.       2007.       2007.       2007.    
   2007.       2007.       2007.       2007.       2007.       2007.    
   2007.       2007.       2007.       2007.       2007.       2007.    
   2007.       2007.       2007.       2007.       2007.       2007.    
   2007.       2007.       2007.       2007.       2007.       2007.    
   2007.       2007.       2007.       2007.       2007.       2007.    
   2007.       2007.       2007.       2007.       2007.       2007.    
   2007.       2007.       2007.       2007.       2007.       2007.    
   2007.       2007.       2007.       2007.       2007.       2007.    
   2007.       2007.       2007.       2007.       2007.       2007.    
   2007.       2007.       2007.       2007.       2007.       2007.    
   2007.       2007.       2007.       2007.       2007.       2008.    
   2008.       2008.       2008.       2008.       2008.       2008.    
   2008.       2008.       2008.       2008.       2008.       2008.    
   2008.       2008.       2008.       2008.       2008.       2008.    
   2008.       2008.       2008.       2008.       2008.       2008.    
   2008.       2008.       2008.       2008.       2008.       2008.    
   2008.       2008.       2008.       2008.       2008.       2008.    
   2008.       2008.       2008.       2008.       2008.       2008.    
   2008.       2008.       2008.       2008.       2008.       2008.    
   2008.       2008.       2008.       2008.       2008.       2008.    
   2008.       2008.       2008.       2008.       2008.       2008.    
   2008.       2008.       2008.       2008.       2008.       2008.    
   2008.       2008.       2008.       2008.       2008.       2008.    
   2008.       2008.       2008.       2008.       2008.       2008.    
   2008.       2008.       2008.       2008.       2008.       2008.    
   2008.       2008.       2008.       2008.       2008.       2008.    
   2008.       2008.       2008.       2008.       2008.       2008.    
   2008.       2008.       2008.       2008.       2008.       2008.    
   2008.       2008.       2008.       2008.       2008.       2008.    
   2008.       2008.       2008.       2008.       2008.       2008.    
   2008.       2008.       2008.       2008.       2008.       2008.    
   2008.       2008.       2008.       2008.       2008.       2008.    
   2008.       2008.       2008.       2008.       2008.       2008.    
   2008.       2008.       2008.       2008.       2008.       2008.    
   2008.       2008.       2008.       2008.       2008.       2008.    
   2008.       2008.       2008.       2008.       2008.       2008.    
   2008.       2008.       2008.       2008.       2008.       2008.    
   2008.       2008.       2008.       2008.       2008.       2008.    
   2008.       2008.       2008.       2008.       2008.       2008.    
   2008.       2008.       2008.       2008.       2008.       2008.    
   2008.       2008.       2008.       2008.       2008.       2008.    
   2008.       2009.       2009.       2009.       2009.       2009.    
   2009.       2009.       2009.       2009.       2009.       2009.    
   2009.       2009.       2009.       2009.       2009.       2009.    
   2009.       2009.       2009.       2009.       2009.       2009.    
   2009.       2009.       2009.       2009.       2009.       2009.    
   2009.       2009.       2009.       2009.       2009.       2009.    
   2009.       2009.       2009.       2009.       2009.       2009.    
   2009.       2009.       2009.       2009.       2009.       2009.    
   2009.       2009.       2009.       2009.       2009.       2009.    
   2009.       2009.       2009.       2009.       2009.       2009.    
   2009.       2009.       2009.       2009.       2009.       2009.    
   2009.       2009.       2009.       2009.       2009.       2009.    
   2009.       2009.       2009.       2009.       2009.       2009.    
   2009.       2009.       2009.       2009.       2009.       2009.    
   2009.       2009.       2009.       2009.       2009.       2009.    
   2009.       2009.       2009.       2009.       2009.       2009.    
   2009.       2009.       2009.       2009.       2009.       2009.    
   2009.       2009.       2009.       2009.       2009.       2009.    
   2009.       2009.       2009.       2009.       2009.       2009.    
   2009.       2009.       2009.       2009.       2009.       2009.    
   2009.       2009.       2009.       2009.       2009.       2009.    
   2009.       2009.       2009.       2009.       2009.       2009.    
   2009.       2009.       2009.       2009.       2009.       2009.    
   2009.       2009.       2009.       2009.       2009.       2009.    
   2009.       2009.       2009.       2009.       2009.       2009.    
   2009.       2009.       2009.       2009.       2009.       2009.    
   2009.       2009.       2009.       2009.       2009.       2009.    
   2009.       2009.       2009.       2009.       2009.       2009.    
   2009.       2009.       2009.       2009.       2009.       2009.    
   2009.       2009.       2009.       2009.       2009.       2009.    
   2009.       2009.       2009.       2010.       2010.       2010.    
   2010.       2010.       2010.       2010.       2010.       2010.    
   2010.       2010.       2010.       2010.       2010.       2010.    
   2010.       2010.       2010.       2010.       2010.       2010.    
   2010.       2010.       2010.       2010.       2010.       2010.    
   2010.       2010.       2010.       2010.       2010.       2010.    
   2010.       2010.       2010.       2010.       2010.       2010.    
   2010.       2010.       2010.       2010.       2010.       2010.    
   2010.       2010.       2010.       2010.       2010.       2010.    
   2010.       2010.       2010.       2010.       2010.       2010.    
   2010.       2010.       2010.       2010.       2010.       2010.    
   2010.       2010.       2010.       2010.       2010.       2010.    
   2010.       2010.       2010.       2010.       2010.       2010.    
   2010.       2010.       2010.       2010.       2010.       2010.    
   2010.       2010.       2010.       2010.       2010.       2010.    
   2010.       2010.       2010.       2010.       2010.       2010.    
   2010.       2010.       2010.       2010.       2010.       2010.    
   2010.       2010.       2010.       2010.       2010.       2010.    
   2010.       2010.       2010.       2010.       2010.       2010.    
   2010.       2010.       2010.       2010.       2010.       2010.    
   2010.       2010.       2010.       2010.       2010.       2010.    
   2010.       2010.       2010.       2010.       2010.       2010.    
   2010.       2010.       2010.       2010.       2010.       2010.    
   2010.       2010.       2010.       2010.       2010.       2010.    
   2010.       2010.       2010.       2010.       2010.       2010.    
   2010.       2010.       2010.       2010.       2010.       2010.    
   2010.       2010.       2010.       2010.       2010.       2010.    
   2010.       2010.       2010.       2010.       2010.       2010.    
   2010.       2010.       2010.       2010.       2010.       2010.    
   2010.       2010.       2010.       2010.       2010.       2010.    
   2010.       2010.       2010.       2010.       2010.       2010.    
   2011.       2011.       2011.       2011.       2011.       2011.    
   2011.       2011.       2011.       2011.       2011.       2011.    
   2011.       2011.       2011.       2011.       2011.       2011.    
   2011.       2011.       2011.       2011.       2011.       2011.    
   2011.       2011.       2011.       2011.       2011.       2011.    
   2011.       2011.       2011.       2011.       2011.       2011.    
   2011.       2011.       2011.       2011.       2011.       2011.    
   2011.       2011.       2011.       2011.       2011.       2011.    
   2011.       2011.       2011.       2011.       2011.       2011.    
   2011.       2011.       2011.       2011.       2011.       2011.    
   2011.       2011.       2011.       2011.       2011.       2011.    
   2011.       2011.       2011.       2011.       2011.       2011.    
   2011.       2011.       2011.       2011.       2011.       2011.    
   2011.       2011.       2011.       2011.       2011.       2011.    
   2011.       2011.       2011.       2011.       2011.       2011.    
   2011.       2011.       2011.       2011.       2011.       2011.    
   2011.       2011.       2011.       2011.       2011.       2011.    
   2011.       2011.       2011.       2011.       2011.       2011.    
   2011.       2011.       2011.       2011.       2011.       2011.    
   2011.       2011.       2011.       2011.       2011.       2011.    
   2011.       2011.       2011.       2011.       2011.       2011.    
   2011.       2011.       2011.       2011.       2011.       2011.    
   2011.       2011.       2011.       2011.       2011.       2011.    
   2011.       2011.       2011.       2011.       2011.       2011.    
   2011.       2011.       2011.       2011.       2011.       2011.    
   2011.       2011.       2011.       2011.       2011.       2011.    
   2011.       2011.       2011.       2011.       2011.       2011.    
   2011.       2011.       2011.       2011.       2011.       2011.    
   2011.       2011.       2011.       2011.       2011.       2011.    
   2011.       2011.       2011.       2011.       2011.       2011.    
   2011.       2011.       2012.       2012.       2012.       2012.    
   2012.       2012.       2012.       2012.       2012.       2012.    
   2012.       2012.       2012.       2012.       2012.       2012.    
   2012.       2012.       2012.       2012.       2012.       2012.    
   2012.       2012.       2012.       2012.       2012.       2012.    
   2012.       2012.       2012.       2012.       2012.       2012.    
   2012.       2012.       2012.       2012.       2012.       2012.    
   2012.       2012.       2012.       2012.       2012.       2012.    
   2012.       2012.       2012.       2012.       2012.       2012.    
   2012.       2012.       2012.       2012.       2012.       2012.    
   2012.       2012.       2012.       2012.       2012.       2012.    
   2012.       2012.       2012.       2012.       2012.       2012.    
   2012.       2012.       2012.       2012.       2012.       2012.    
   2012.       2012.       2012.       2012.       2012.       2012.    
   2012.       2012.       2012.       2012.       2012.       2012.    
   2012.       2012.       2012.       2012.       2012.       2012.    
   2012.       2012.       2012.       2012.       2012.       2012.    
   2012.       2012.       2012.       2012.       2012.       2012.    
   2012.       2012.       2012.       2012.       2012.       2012.    
   2012.       2012.       2012.       2012.       2012.       2012.    
   2012.       2012.       2012.       2012.       2012.       2012.    
   2012.       2012.       2012.       2012.       2012.       2012.    
   2012.       2012.       2012.       2012.       2012.       2012.    
   2012.       2012.       2012.       2012.       2012.       2012.    
   2012.       2012.       2012.       2012.       2012.       2012.    
   2012.       2012.       2012.       2012.       2012.       2012.    
   2012.       2012.       2012.       2012.       2012.       2012.    
   2012.       2012.       2012.       2012.       2012.       2012.    
   2012.       2012.       2012.       2012.       2012.       2012.    
   2012.       2012.       2012.       2012.       2012.       2012.    
   2012.       2012.       2012.       2012.       2013.       2013.    
   2013.       2013.       2013.       2013.       2013.       2013.    
   2013.       2013.       2013.       2013.       2013.       2013.    
   2013.       2013.       2013.       2013.       2013.       2013.    
   2013.       2013.       2013.       2013.       2013.       2013.    
   2013.       2013.       2013.       2013.       2013.       2013.    
   2013.       2013.       2013.       2013.       2013.       2013.    
   2013.       2013.       2013.       2013.       2013.       2013.    
   2013.       2013.       2013.       2013.       2013.       2013.    
   2013.       2013.       2013.       2013.       2013.       2013.    
   2013.       2013.       2013.       2013.       2013.       2013.    
   2013.       2013.       2013.       2013.       2013.       2013.    
   2013.       2013.       2013.       2013.       2013.       2013.    
   2013.       2013.       2013.       2013.       2013.       2013.    
   2013.       2013.       2013.       2013.       2013.       2013.    
   2013.       2013.       2013.       2013.       2013.       2013.    
   2013.       2013.       2013.       2013.       2013.       2013.    
   2013.       2013.       2013.       2013.       2013.       2013.    
   2013.       2013.       2013.       2013.       2013.       2013.    
   2013.       2013.       2013.       2013.       2013.       2013.    
   2013.       2013.       2013.       2013.       2013.       2013.    
   2013.       2013.       2013.       2013.       2013.       2013.    
   2013.       2013.       2013.       2013.       2013.       2013.    
   2013.       2013.       2013.       2013.       2013.       2013.    
   2013.       2013.       2013.       2013.       2013.       2013.    
   2013.       2013.       2013.       2013.       2013.       2013.    
   2013.       2013.       2013.       2013.       2013.       2013.    
   2013.       2013.       2013.       2013.       2013.       2013.    
   2013.       2013.       2013.       2013.       2013.       2013.    
   2013.       2013.       2013.       2013.       2013.       2013.    
   2013.       2013.       2013.       2013.       2013.       2013.    
   2014.       2014.       2014.       2014.       2014.       2014.    
   2014.       2014.       2014.       2014.       2014.       2014.    
   2014.       2014.       2014.       2014.       2014.       2014.    
   2014.       2014.       2014.       2014.       2014.       2014.    
   2014.       2014.       2014.       2014.       2014.       2014.    
   2014.       2014.       2014.       2014.       2014.       2014.    
   2014.       2014.       2014.       2014.       2014.       2014.    
   2014.       2014.       2014.       2014.       2014.       2014.    
   2014.       2014.       2014.       2014.       2014.       2014.    
   2014.       2014.       2014.       2014.       2014.       2014.    
   2014.       2014.       2014.       2014.       2014.       2014.    
   2014.       2014.       2014.       2014.       2014.       2014.    
   2014.       2014.       2014.       2014.       2014.       2014.    
   2014.       2014.       2014.       2014.       2014.       2014.    
   2014.       2014.       2014.       2014.       2014.       2014.    
   2014.       2014.       2014.       2014.       2014.       2014.    
   2014.       2014.       2014.       2014.       2014.       2014.    
   2014.       2014.       2014.       2014.       2014.       2014.    
   2014.       2014.       2014.       2014.       2014.       2014.    
   2014.       2014.       2014.       2014.       2014.       2014.    
   2014.       2014.       2014.       2014.       2014.       2014.    
   2014.       2014.       2014.       2014.       2014.       2014.    
   2014.       2014.       2014.       2014.       2014.       2014.    
   2014.       2014.       2014.       2014.       2014.       2014.    
   2014.       2014.       2014.       2014.       2014.       2014.    
   2014.       2014.       2014.       2014.       2014.       2014.    
   2014.       2014.       2014.       2014.       2014.       2014.    
   2014.       2014.       2014.       2014.       2014.       2014.    
   2014.       2014.       2014.       2014.       2014.       2014.    
   2014.       2014.       2014.       2014.       2014.       2014.    
   2014.       2014.       2014.       2015.       2015.       2015.    
   2015.       2015.       2015.       2015.       2015.       2015.    
   2015.       2015.       2015.       2015.       2015.       2015.    
   2015.       2015.       2015.       2015.       2015.       2015.    
   2015.       2015.       2015.       2015.       2015.       2015.    
   2015.       2015.       2015.       2015.       2015.       2015.    
   2015.       2015.       2015.       2015.       2015.       2015.    
   2015.       2015.       2015.       2015.       2015.       2015.    
   2015.       2015.       2015.       2015.       2015.       2015.    
   2015.       2015.       2015.       2015.       2015.       2015.    
   2015.       2015.       2015.       2015.       2015.       2015.    
   2015.       2015.       2015.       2015.       2015.       2015.    
   2015.       2015.       2015.       2015.       2015.       2015.    
   2015.       2015.       2015.       2015.       2015.       2015.    
   2015.       2015.       2015.       2015.       2015.       2015.    
   2015.       2015.       2015.       2015.       2015.       2015.    
   2015.       2015.       2015.       2015.       2015.       2015.    
   2015.       2015.       2015.       2015.       2015.       2015.    
   2015.       2015.       2015.       2015.       2015.       2015.    
   2015.       2015.       2015.       2015.       2015.       2015.    
   2015.       2015.       2015.       2015.       2015.       2015.    
   2015.       2015.       2015.       2015.       2015.       2015.    
   2015.       2015.       2015.       2015.       2015.       2015.    
   2015.       2015.       2015.       2015.       2015.       2015.    
   2015.       2015.       2015.       2015.       2015.       2015.    
   2015.       2015.       2015.       2015.       2015.       2015.    
   2015.       2015.       2015.       2015.       2015.       2015.    
   2015.       2015.       2015.       2015.       2015.       2015.    
   2015.       2015.       2015.       2015.       2015.       2015.    
   2015.       2015.       2015.       2015.       2015.       2015.    
   2015.       2015.       2015.       2015.       2015.       2016.    
   2016.       2016.       2016.       2016.       2016.       2016.    
   2016.       2016.       2016.       2016.       2016.       2016.    
   2016.       2016.       2016.       2016.       2016.       2016.    
   2016.       2016.       2016.       2016.       2016.       2016.    
   2016.       2016.       2016.       2016.       2016.       2016.    
   2016.       2016.       2016.       2016.       2016.       2016.    
   2016.       2016.       2016.       2016.       2016.       2016.    
   2016.       2016.       2016.       2016.       2016.       2016.    
   2016.       2016.       2016.       2016.       2016.       2016.    
   2016.       2016.       2016.       2016.       2016.       2016.    
   2016.       2016.       2016.       2016.       2016.       2016.    
   2016.       2016.       2016.       2016.       2016.       2016.    
   2016.       2016.       2016.       2016.       2016.       2016.    
   2016.       2016.       2016.       2016.       2016.       2016.    
   2016.       2016.       2016.       2016.       2016.       2016.    
   2016.       2016.       2016.       2016.       2016.       2016.    
   2016.       2016.       2016.       2016.       2016.       2016.    
   2016.       2016.       2016.       2016.       2016.       2016.    
   2016.       2016.       2016.       2016.       2016.       2016.    
   2016.       2016.       2016.       2016.       2016.       2016.    
   2016.       2016.       2016.       2016.       2016.       2016.    
   2016.       2016.       2016.       2016.       2016.       2016.    
   2016.       2016.       2016.       2016.       2016.       2016.    
   2016.       2016.       2016.       2016.       2016.       2016.    
   2016.       2016.       2016.       2016.       2016.       2016.    
   2016.       2016.       2016.       2016.       2016.       2016.    
   2016.       2016.       2016.       2016.       2016.       2016.    
   2016.       2016.       2016.       2016.       2016.       2016.    
   2016.       2016.       2016.       2016.       2016.       2016.    
   2016.       2016.       2016.       2016.       2016.       2016.    
   2016.       2017.       2017.       2017.       2017.       2017.    
   2017.       2017.       2017.       2017.       2017.       2017.    
   2017.       2017.       2017.       2017.       2017.       2017.    
   2017.       2017.       2017.       2017.       2017.       2017.    
   2017.       2017.       2017.       2017.       2017.       2017.    
   2017.       2017.       2017.       2017.       2017.       2017.    
   2017.       2017.       2017.       2017.       2017.       2017.    
   2017.       2017.       2017.       2017.       2017.       2017.    
   2017.       2017.       2017.       2017.       2017.       2017.    
   2017.       2017.       2017.       2017.       2017.       2017.    
   2017.       2017.       2017.       2017.       2017.       2017.    
   2017.       2017.       2017.       2017.       2017.       2017.    
   2017.       2017.       2017.       2017.       2017.       2017.    
   2017.       2017.       2017.       2017.       2017.       2017.    
   2017.       2017.       2017.       2017.       2017.       2017.    
   2017.       2017.       2017.       2017.       2017.       2017.    
   2017.       2017.       2017.       2017.       2017.       2017.    
   2017.       2017.       2017.       2017.       2017.       2017.    
   2017.       2017.       2017.       2017.       2017.       2017.    
   2017.       2017.       2017.       2017.       2017.       2017.    
   2017.       2017.       2017.       2017.       2017.       2017.    
   2017.       2017.       2017.       2017.       2017.       2017.    
   2017.       2017.       2017.       2017.       2017.       2017.    
   2017.       2017.       2017.       2017.       2017.       2017.    
   2017.       2017.       2017.       2017.       2017.       2017.    
   2017.       2017.       2017.       2017.       2017.       2017.    
   2017.       2017.       2017.       2017.       2017.       2017.    
   2017.       2017.       2017.       2017.       2017.       2017.    
   2017.       2017.       2017.       2017.       2017.       2017.    
   2017.       2017.       2017.       2017.       2017.       2017.    
   2017.       2017.       2017.       2018.       2018.       2018.    
   2018.       2018.       2018.       2018.       2018.       2018.    
   2018.       2018.       2018.       2018.       2018.       2018.    
   2018.       2018.       2018.       2018.       2018.       2018.    
   2018.       2018.       2018.       2018.       2018.       2018.    
   2018.       2018.       2018.       2018.       2018.       2018.    
   2018.       2018.       2018.       2018.       2018.       2018.    
   2018.       2018.       2018.       2018.       2018.       2018.    
   2018.       2018.       2018.       2018.       2018.       2018.    
   2018.       2018.       2018.       2018.       2018.       2018.    
   2018.       2018.       2018.       2018.       2018.       2018.    
   2018.       2018.       2018.       2018.       2018.       2018.    
   2018.       2018.       2018.       2018.       2018.       2018.    
   2018.       2018.       2018.       2018.       2018.       2018.    
   2018.       2018.       2018.       2018.       2018.       2018.    
   2018.       2018.       2018.       2018.       2018.       2018.    
   2018.       2018.       2018.       2018.       2018.       2018.    
   2018.       2018.       2018.       2018.       2018.       2018.    
   2018.       2018.       2018.       2018.       2018.       2018.    
   2018.       2018.       2018.       2018.       2018.       2018.    
   2018.       2018.       2018.       2018.       2018.       2018.    
   2018.       2018.       2018.       2018.       2018.       2018.    
   2018.       2018.       2018.       2018.       2018.       2018.    
   2018.       2018.       2018.       2018.       2018.       2018.    
   2018.       2018.       2018.       2018.       2018.       2018.    
   2018.       2018.       2018.       2018.       2018.       2018.    
   2018.       2018.       2018.       2018.       2018.       2018.    
   2018.       2018.       2018.       2018.       2018.       2018.    
   2018.       2018.       2018.       2018.       2018.       2018.    
   2018.       2018.       2018.       2018.       2018.       2018.    
   2018.       2018.       2018.       2018.       2018.       2019.    
   2019.       2019.       2019.       2019.       2019.       2019.    
   2019.       2019.       2019.       2019.       2019.       2019.    
   2019.       2019.       2019.       2019.       2019.       2019.    
   2019.       2019.       2019.       2019.       2019.       2019.    
   2019.       2019.       2019.       2019.       2019.       2019.    
   2019.       2019.       2019.       2019.       2019.       2019.    
   2019.       2019.       2019.       2019.       2019.       2019.    
   2019.       2019.       2019.       2019.       2019.       2019.    
   2019.       2019.       2019.       2019.       2019.       2019.    
   2019.       2019.       2019.       2019.       2019.       2019.    
   2019.       2019.       2019.       2019.       2019.       2019.    
   2019.       2019.       2019.       2019.       2019.       2019.    
   2019.       2019.       2019.       2019.       2019.       2019.    
   2019.       2019.       2019.       2019.       2019.       2019.    
   2019.       2019.       2019.       2019.       2019.       2019.    
   2019.    
  
