   51705   39.43   75.15
   52633   38.49   98.25
   52602   38.45   93.20
   52645   38.25   99.35
   51886   38.15   90.51
   52657   38.11  100.15
   51804   37.46   75.14
   52765   37.23  101.37
   52737   37.22   97.23
   52754   37.20  100.08
   52787   37.12  102.52
   52707   36.48   93.41
   52866   36.44  101.45
   52825   36.26   96.26
   52818   36.25   94.55
   52836   36.18   98.06
   52856   36.16  100.37
   52868   36.02  101.26
   52943   35.35   99.59
   52996   35.23  105.01
   52908   35.13   93.05
   56080   35.00  102.54
   56033   34.55   98.13
   56065   34.44  101.36
   56093   34.26  104.01
   56004   34.13   92.26
   56021   34.07   95.48
   56034   33.48   97.08
   56046   33.45   99.39
   56079   33.35  102.58
   56067   33.26  101.29
   56029   33.00   97.00
   56038   32.59   98.06
   56018   32.53   95.17
   55773   27.44   89.05
   56543   27.50   99.42
   55696   28.25   92.28
   56444   28.29   98.55
   55680   28.55   89.36
   56462   29.00  101.30
   55578   29.15   88.53
   55598   29.15   91.46
   56385   29.31  103.20
   56202   30.40   93.17
   56251   30.56  100.19
   55472   30.57   88.38
   56137   31.09   97.10
   55299   31.29   92.04
   56146   31.37  100.00
   56144   31.48   98.35
   56106   31.53   93.47
   56125   32.12   96.28
   56152   32.17  100.20
   55279   31.23   91.01
   56357   29.03  100.18
   56116   31.25   95.36
   55591   29.40   91.08
   56257   30.00  100.16
   55664   28.38   87.05
   55493   30.29   91.06
   55294   32.21   91.06
   55655   28.11   85.58
   55690   27.59   91.57
   55437   30.17   81.15
   55248   32.09   84.25
   55585   29.26   90.10
