  0.2534590    
  0.1275208    
  0.1121575    
  8.6015061E-02
  6.1586969E-02
  0.2324106    
  0.1452561    
  0.1105239    
  9.3145661E-02
  5.7905894E-02
  0.2590675    
  0.1562713    
  9.1685362E-02
  7.9938672E-02
  6.0881488E-02
  0.2490225    
  0.1473376    
  0.1101791    
  7.7046685E-02
  5.8388602E-02
  0.2345114    
  0.1554442    
  9.8668769E-02
  8.3341233E-02
  5.8445606E-02
  0.2798739    
  0.1276034    
  0.1006527    
  8.5193425E-02
  6.2593229E-02
  0.2575448    
  0.1431632    
  9.4463862E-02
  8.3456099E-02
  5.8165289E-02
  0.2540662    
  0.1602974    
  0.1028520    
  8.7851278E-02
  5.5010818E-02
  0.2388536    
  0.1365100    
  0.1037056    
  9.0712473E-02
  6.6152520E-02
  0.2556576    
  0.1367212    
  0.1103952    
  9.3163520E-02
  5.7875156E-02
  0.2535070    
  0.1320311    
  0.1099610    
  8.0362082E-02
  6.5719649E-02
  0.2568488    
  0.1566077    
  9.2825696E-02
  8.2314752E-02
  6.3635215E-02
  0.2459384    
  0.1439029    
  0.1158010    
  8.8869542E-02
  5.3583954E-02
  0.2279311    
  0.1477385    
  0.1037286    
  9.0898335E-02
  7.3947638E-02
  0.2416304    
  0.1435643    
  0.1085040    
  8.7330192E-02
  6.1485212E-02
  0.2668847    
  0.1329385    
  9.7150251E-02
  8.9196995E-02
  5.3826813E-02
  0.2580546    
  0.1452003    
  0.1047305    
  8.7425031E-02
  5.5417884E-02
  0.2293030    
  0.1760281    
  8.3479799E-02
  8.2533590E-02
  6.3749671E-02
  0.2979636    
  0.1242159    
  8.8485591E-02
  8.3127320E-02
  5.6208692E-02
  0.2370565    
  0.1365758    
  0.1207529    
  9.8560169E-02
  5.9337206E-02
  0.2631958    
  0.1347916    
  0.1037188    
  8.8734381E-02
  5.8395479E-02
  0.2750838    
  0.1296441    
  0.1063573    
  8.4219709E-02
  5.8400791E-02
  0.2524393    
  0.1463620    
  9.6861757E-02
  9.1135055E-02
  5.8084156E-02
  0.2527166    
  0.1468033    
  9.2263959E-02
  8.2532182E-02
  5.4390017E-02
  0.2662726    
  0.1293452    
  0.1112047    
  8.8913277E-02
  6.5136619E-02
  0.2298687    
  0.1465045    
  0.1062626    
  9.1625907E-02
  7.1341693E-02
  0.2595433    
  0.1506384    
  0.1076719    
  9.1105931E-02
  5.1458135E-02
  0.2349237    
  0.1312627    
  0.1133479    
  8.9698769E-02
  7.1180314E-02
  0.2724709    
  0.1386191    
  9.7649343E-02
  8.4254339E-02
  5.5105336E-02
  0.2642655    
  0.1398595    
  0.1084794    
  7.9333611E-02
  5.6508385E-02
  0.2334606    
  0.1565115    
  0.1095314    
  9.3759969E-02
  5.5509448E-02
  0.2319073    
  0.1418458    
  0.1080170    
  8.6383149E-02
  6.1790634E-02
  0.2540228    
  0.1379770    
  9.3376651E-02
  8.9590713E-02
  6.6257261E-02
  0.2490242    
  0.1678043    
  9.5062003E-02
  9.0007082E-02
  5.8668308E-02
  0.2283042    
  0.1363029    
  0.1243166    
  9.5584683E-02
  6.2927134E-02
  0.2464178    
  0.1377463    
  9.8221347E-02
  7.5315207E-02
  6.2275775E-02
  0.2840026    
  0.1315921    
  0.1047714    
  8.3958276E-02
  6.1079040E-02
  0.2659044    
  0.1431131    
  9.7652525E-02
  8.1340507E-02
  6.1758429E-02
  0.2285521    
  0.1451184    
  0.1133088    
  7.8972861E-02
  7.5670086E-02
  0.2583385    
  0.1358384    
  0.1069542    
  9.2335992E-02
  5.8866784E-02
  0.2287504    
  0.1516749    
  0.1008443    
  9.6302576E-02
  6.2863976E-02
  0.2378429    
  0.1697358    
  9.4737485E-02
  8.4903844E-02
  5.9626609E-02
  0.2432224    
  0.1568675    
  0.1068260    
  7.7353388E-02
  5.8970582E-02
  0.2273877    
  0.1340189    
  0.1140260    
  9.6860133E-02
  5.7743881E-02
  0.2767547    
  0.1262109    
  9.7255722E-02
  9.1627754E-02
  5.5700433E-02
  0.2413731    
  0.1474251    
  9.8055825E-02
  7.7701889E-02
  6.5714046E-02
  0.2340261    
  0.1747111    
  0.1027757    
  8.9975342E-02
  5.4175232E-02
  0.2681681    
  0.1346292    
  9.7827151E-02
  8.0933914E-02
  6.3634291E-02
  0.2229418    
  0.1408366    
  0.1028985    
  9.0395562E-02
  6.0477540E-02
  0.2161369    
  0.1426259    
  0.1179222    
  8.9277416E-02
  6.9529369E-02
  0.2417007    
  0.1472374    
  0.1011440    
  8.8437378E-02
  6.1572626E-02
  0.2621562    
  0.1358336    
  9.3044460E-02
  8.4060669E-02
  6.8791710E-02
  0.2332081    
  0.1523601    
  0.1222672    
  7.5949706E-02
  5.6131750E-02
  0.2919438    
  0.1215421    
  0.1035493    
  9.2368856E-02
  5.5337232E-02
  0.2645006    
  0.1348474    
  9.0787053E-02
  8.6534202E-02
  6.0073592E-02
  0.2435752    
  0.1417588    
  0.1070921    
  8.3106250E-02
  5.2907165E-02
  0.2861454    
  0.1554575    
  9.8852903E-02
  8.7215587E-02
  5.1704690E-02
  0.3036023    
  0.1269191    
  0.1045653    
  8.4234633E-02
  6.1618153E-02
  0.2476183    
  0.1378882    
  0.1009797    
  8.1685424E-02
  5.9422407E-02
  0.2378611    
  0.1695782    
  0.1034410    
  7.9509906E-02
  5.5093754E-02
  0.2772224    
  0.1370165    
  0.1003474    
  7.8000009E-02
  6.2998854E-02
  0.2801730    
  0.1367192    
  9.1469757E-02
  8.2222179E-02
  5.8492731E-02
  0.2330727    
  0.1520735    
  9.6323825E-02
  8.1364565E-02
  6.9229394E-02
  0.2504446    
  0.1460636    
  0.1129150    
  8.6858802E-02
  5.1871233E-02
  0.2399847    
  0.1311198    
  0.1148016    
  7.9935290E-02
  6.5277152E-02
  0.2708973    
  0.1367091    
  8.6366631E-02
  8.0537282E-02
  6.0050312E-02
  0.2287763    
  0.1474967    
  9.9926978E-02
  8.6772390E-02
  7.7927694E-02
  0.2155658    
  0.1358056    
  0.1028268    
  9.8370269E-02
  6.4873829E-02
  0.2107154    
  0.1510529    
  0.1123019    
  8.9779235E-02
  5.8704436E-02
  0.2271312    
  0.1465863    
  0.1032851    
  8.6083010E-02
  6.7650527E-02
  0.2551836    
  0.1344557    
  9.8905399E-02
  9.1855071E-02
  6.8011299E-02
  0.2421900    
  0.1615523    
  0.1131001    
  8.5023619E-02
  5.5153131E-02
  0.2724413    
  0.1439209    
  9.2444487E-02
  7.9718292E-02
  6.7309298E-02
  0.2438032    
  0.1372817    
  0.1049671    
  9.7540095E-02
  5.9148584E-02
  0.2307694    
  0.1392089    
  0.1073565    
  9.1250651E-02
  6.2519327E-02
  0.2769803    
  0.1581078    
  8.8928029E-02
  7.4481800E-02
  5.8038581E-02
  0.2653908    
  0.1330658    
  9.5134914E-02
  8.9124680E-02
  6.5267809E-02
  0.2429844    
  0.1427048    
  0.1009454    
  8.5138477E-02
  6.3533053E-02
  0.2647835    
  0.1615152    
  8.4833391E-02
  8.1318371E-02
  6.1864220E-02
  0.2420024    
  0.1840828    
  9.6079819E-02
  8.3308905E-02
  5.5252053E-02
  0.2612948    
  0.1395621    
  0.1076837    
  8.2574874E-02
  5.5406958E-02
  0.2890328    
  0.1274157    
  0.1078811    
  8.0687396E-02
  5.8414876E-02
  0.2504794    
  0.1517926    
  9.5259652E-02
  7.9878420E-02
  6.8903685E-02
  0.2755945    
  0.1345299    
  9.4353333E-02
  7.9305567E-02
  5.7336982E-02
  0.2927246    
  0.1386081    
  9.3371734E-02
  8.6186983E-02
  6.3278146E-02
  0.2595955    
  0.1472032    
  9.5026523E-02
  9.1039903E-02
  5.6558464E-02
  0.2302991    
  0.1389513    
  0.1292687    
  9.9860355E-02
  5.5631779E-02
  0.2354757    
  0.1454070    
  0.1015592    
  8.9646630E-02
  5.6159027E-02
  0.2129756    
  0.1584347    
  0.1137176    
  8.7053724E-02
  6.0824908E-02
  0.2569460    
  0.1423490    
  0.1037775    
  8.4813401E-02
  5.2655812E-02
  0.2480047    
  0.1419421    
  0.1056476    
  9.2544630E-02
  6.0111340E-02
  0.2371853    
  0.1443962    
  0.1216390    
  9.4982371E-02
  5.3752691E-02
  0.2276997    
  0.1533812    
  9.9631950E-02
  8.8267699E-02
  5.9754152E-02
  0.2477899    
  0.1502438    
  9.6680261E-02
  9.2912368E-02
  6.8184905E-02
  0.2195827    
  0.1386933    
  0.1146404    
  8.3677538E-02
  6.2372446E-02
  0.2327988    
  0.1468733    
  0.1318671    
  9.1035485E-02
  6.0070816E-02
  0.2211761    
  0.1467194    
  0.1173513    
  9.4616823E-02
  6.7441747E-02
  0.2356126    
  0.1350265    
  0.1092452    
  8.6190604E-02
  6.7162871E-02
  0.2251628    
  0.1682138    
  0.1032785    
  7.3955730E-02
  6.8673082E-02
  0.2493455    
  0.1398826    
  0.1066921    
  9.3231454E-02
  6.2298827E-02
