
    The right heterogeneous correlation maps

     1-th
   -0.15   -0.09    0.25    0.04   -0.14   -0.25    0.03    0.10   -0.04    0.04
    0.06   -0.05   -0.09    0.11   -0.04    0.13   -0.08   -0.07    0.18    0.14
    0.13    0.17   -0.02    0.08    0.19    0.00    0.15    0.17    0.21    0.18
    0.12    0.02    0.23    0.29    0.31    0.27    0.25    0.38    0.37    0.35
    0.14    0.05    0.21    0.21    0.16   -0.19    0.07   -0.17   -0.15    0.10
   -0.05   -0.13   -0.26   -0.28   -0.22   -0.25   -0.05   -0.30   -0.11   -0.08
   -0.34   -0.27   -0.22   -0.14   -0.28   -0.13   -0.11    0.08   -0.09    0.18
    0.20   -0.06   -0.13    0.00   -0.08    0.32   -0.20    0.02    0.07    0.04
   -0.21    0.21   -0.03    0.13    0.14   -0.04    0.12    0.05    0.00   -0.03
   -0.07    0.06   -0.01   -0.13    0.04   -0.01   -0.01    0.01    0.08   -0.47
   -0.08   -0.17   -0.29   -0.21   -0.23   -0.14   -0.06    0.26    0.32    0.15
    0.01   -0.32   -0.04    0.06    0.17    0.25    0.16    0.04    0.11    0.18
    0.11   -0.30    0.37   -0.12    0.15   -0.16    0.03    0.07   -0.01   -0.28
   -0.21    0.27    0.09    0.15    0.24    0.06   -0.07    0.07    0.23    0.09
   -0.05    0.03   -0.06   -0.19   -0.14   -0.16   -0.33    0.00    0.00   -0.21
   -0.21   -0.27   -0.10   -0.27   -0.09   -0.13   -0.11    0.05   -0.20   -0.16

     2-th
    0.08   -0.01   -0.14   -0.21    0.25   -0.03    0.16    0.00    0.12    0.06
   -0.01   -0.15   -0.22   -0.17   -0.02   -0.04    0.01   -0.06   -0.17    0.09
   -0.10   -0.01   -0.36   -0.21   -0.02   -0.23   -0.26   -0.13   -0.19   -0.01
    0.10    0.10   -0.20   -0.04   -0.16   -0.14   -0.05   -0.05   -0.19   -0.24
   -0.23    0.19   -0.29   -0.23   -0.29   -0.36   -0.25   -0.30   -0.33   -0.07
    0.06   -0.28   -0.39   -0.20   -0.14    0.03   -0.01    0.12   -0.05   -0.11
   -0.04   -0.14   -0.03   -0.02   -0.03   -0.04    0.03    0.21   -0.04    0.11
    0.19    0.00   -0.05    0.15    0.15   -0.01    0.13    0.09    0.17    0.00
    0.00    0.14    0.10    0.04    0.29    0.09    0.24    0.27    0.27    0.15
    0.12    0.01    0.27    0.17    0.19   -0.09   -0.13   -0.27   -0.34   -0.05
   -0.04   -0.18   -0.23   -0.07   -0.10   -0.04   -0.09   -0.15    0.13   -0.26
    0.15   -0.04   -0.11   -0.23    0.09   -0.05    0.20    0.04   -0.05   -0.12
    0.06   -0.18    0.14   -0.05   -0.19   -0.05   -0.18    0.07   -0.06    0.11
   -0.04   -0.10    0.01   -0.08    0.11    0.09    0.00   -0.06   -0.06    0.05
    0.16    0.09    0.07   -0.16   -0.05   -0.27   -0.07    0.06   -0.01    0.12
    0.18    0.06   -0.08    0.17   -0.04   -0.10   -0.19   -0.07    0.08    0.00

     3-th
    0.05   -0.06    0.01    0.06   -0.14   -0.21    0.07   -0.08   -0.08   -0.13
   -0.03    0.01   -0.37   -0.25   -0.33   -0.03   -0.14   -0.22   -0.08   -0.14
   -0.19   -0.11   -0.02    0.01   -0.06   -0.05   -0.11   -0.16   -0.23   -0.15
   -0.19   -0.27   -0.11   -0.31    0.00   -0.18    0.07   -0.03   -0.06    0.10
   -0.14   -0.25   -0.04   -0.05   -0.01   -0.02   -0.08    0.12    0.09   -0.15
   -0.05    0.05   -0.01    0.15    0.09    0.13    0.13   -0.05    0.17    0.06
   -0.01   -0.10   -0.10   -0.08   -0.10    0.08    0.25    0.08    0.17    0.15
    0.17    0.16    0.13    0.21    0.30    0.26    0.03    0.31    0.26    0.23
   -0.02    0.10   -0.07   -0.04    0.09   -0.04   -0.07   -0.09   -0.12   -0.04
    0.22    0.12    0.08   -0.19   -0.09   -0.05    0.19   -0.01    0.08   -0.12
    0.15    0.04   -0.07    0.17    0.12    0.07    0.17    0.00   -0.15    0.10
   -0.26   -0.11    0.17    0.14    0.41    0.31    0.17    0.00    0.36    0.18
   -0.20   -0.05    0.23    0.12    0.22   -0.04   -0.16   -0.30    0.05   -0.29
   -0.14    0.04   -0.23   -0.12   -0.13   -0.27   -0.28   -0.09   -0.07   -0.13
   -0.16   -0.19    0.24    0.16   -0.01    0.07    0.15    0.06   -0.07    0.02
    0.07    0.03    0.06   -0.14    0.08   -0.24   -0.08    0.12   -0.07   -0.02

     4-th
   -0.18    0.14    0.27    0.20   -0.02   -0.14   -0.23   -0.19   -0.16   -0.25
   -0.12   -0.38    0.04   -0.13   -0.20   -0.24   -0.28   -0.16   -0.27   -0.19
    0.05   -0.04    0.10   -0.09    0.04    0.01   -0.12   -0.14   -0.03    0.31
    0.27    0.27   -0.01   -0.12    0.00   -0.04   -0.10    0.17   -0.11   -0.09
   -0.16   -0.13    0.05    0.05   -0.10    0.00    0.07   -0.10    0.07    0.22
    0.03    0.08   -0.28   -0.18   -0.09   -0.26    0.04   -0.13   -0.01    0.01
   -0.08    0.11   -0.10    0.04    0.07    0.14    0.08    0.27    0.15    0.05
    0.02    0.28    0.10    0.10    0.08    0.10    0.13    0.03   -0.04    0.15
    0.02    0.04   -0.06    0.06    0.07    0.14   -0.04   -0.13   -0.12   -0.02
    0.17    0.17   -0.02   -0.28   -0.10    0.02   -0.04   -0.01    0.17   -0.21
    0.07    0.11    0.10    0.00    0.00    0.13   -0.19    0.17    0.12   -0.01
    0.00   -0.02    0.16    0.12   -0.06   -0.04   -0.04    0.02   -0.17   -0.09
   -0.05   -0.07    0.00   -0.25    0.13    0.23    0.25    0.23    0.19    0.22
    0.07    0.06   -0.05    0.14    0.02    0.15    0.17    0.26    0.13    0.21
    0.27    0.32    0.01    0.04    0.09    0.22    0.05    0.10    0.24    0.24
   -0.01    0.08    0.15    0.33    0.31    0.14    0.20    0.12    0.05    0.35

     5-th
   -0.14    0.02   -0.06   -0.21   -0.18   -0.23   -0.02    0.04   -0.21    0.05
    0.02    0.06    0.16    0.02    0.23    0.16    0.03    0.29    0.12    0.06
    0.00    0.04    0.19    0.11   -0.08    0.19    0.23    0.26    0.17    0.05
    0.10    0.18    0.03   -0.01   -0.14   -0.06   -0.17   -0.13    0.12   -0.13
    0.23    0.09    0.12    0.01    0.08    0.05   -0.01   -0.01   -0.04    0.04
   -0.21   -0.08    0.13   -0.08   -0.01    0.00    0.16   -0.08    0.02    0.08
    0.01    0.15    0.11   -0.17    0.14    0.19    0.05    0.28    0.11    0.12
   -0.09    0.07    0.18    0.10    0.22    0.19    0.06    0.14    0.28    0.31
    0.12    0.25    0.06    0.38    0.21    0.24    0.23    0.19    0.11    0.08
    0.09    0.08   -0.06    0.20    0.19    0.24    0.14    0.13    0.03    0.24
   -0.06   -0.07    0.00    0.11   -0.02   -0.09    0.20   -0.13    0.01   -0.03
    0.01    0.10    0.12    0.21   -0.07   -0.01    0.07    0.09   -0.09   -0.05
   -0.06    0.07    0.08    0.09    0.11   -0.19   -0.11    0.00   -0.16    0.00
   -0.12   -0.27   -0.25   -0.28    0.04   -0.19   -0.13    0.16    0.10    0.15
    0.01    0.16   -0.23   -0.22    0.16    0.06   -0.04    0.04    0.17    0.03
    0.03    0.14   -0.07   -0.05    0.22    0.16   -0.14    0.10    0.14   -0.11

    The right homogeneous correlation maps

     1-th
    0.02   -0.15    0.13   -0.08   -0.08   -0.15    0.09    0.24    0.09    0.04
    0.03   -0.13    0.00    0.18    0.11    0.16    0.11    0.14    0.15    0.28
    0.38    0.46   -0.02    0.16    0.32    0.13    0.28    0.28    0.42    0.46
    0.35    0.16    0.36    0.33    0.23    0.26    0.26    0.39    0.46    0.36
    0.26    0.23    0.24    0.22    0.13   -0.31    0.11   -0.46   -0.39    0.11
   -0.13   -0.40   -0.47   -0.58   -0.53   -0.46   -0.30   -0.53   -0.46   -0.41
   -0.51   -0.48   -0.37   -0.28   -0.46   -0.40   -0.34    0.03   -0.23    0.28
    0.31   -0.25   -0.29    0.03   -0.11    0.40   -0.34    0.03    0.08   -0.03
   -0.27    0.27    0.22    0.34    0.29    0.24    0.23    0.24    0.14    0.19
   -0.06    0.08    0.13    0.14    0.13    0.06   -0.23   -0.14   -0.17   -0.42
   -0.14   -0.43   -0.46   -0.53   -0.38   -0.36   -0.27    0.33    0.55    0.03
    0.28   -0.35   -0.16    0.03   -0.02    0.19    0.17    0.16    0.15    0.12
    0.21   -0.30    0.38   -0.22    0.05   -0.27    0.21    0.26   -0.20   -0.35
   -0.30    0.33    0.26    0.33    0.47    0.28    0.12    0.31    0.34    0.41
    0.05    0.23   -0.07   -0.15    0.01   -0.25   -0.33    0.01    0.10   -0.18
   -0.30   -0.44   -0.17   -0.31   -0.10   -0.02   -0.06    0.04   -0.22   -0.27

     2-th
    0.13   -0.14   -0.21   -0.21    0.20   -0.21    0.16    0.06    0.10    0.02
   -0.01   -0.13   -0.46   -0.27   -0.21    0.01   -0.07   -0.16   -0.27    0.07
   -0.22   -0.01   -0.46   -0.28   -0.12   -0.25   -0.25   -0.18   -0.23    0.12
    0.18    0.09   -0.30   -0.08   -0.32   -0.41   -0.25   -0.22   -0.18   -0.29
   -0.28   -0.02   -0.36   -0.33   -0.36   -0.57   -0.39   -0.49   -0.57   -0.30
   -0.30   -0.54   -0.55   -0.44   -0.43   -0.06    0.07   -0.15   -0.13   -0.28
   -0.34   -0.43   -0.25   -0.37   -0.29   -0.02    0.03    0.32    0.04    0.36
    0.31   -0.02   -0.08    0.38    0.42    0.29    0.00    0.31    0.43    0.21
   -0.16    0.27    0.33    0.31    0.48    0.42    0.33    0.40    0.37    0.41
    0.27    0.13    0.38    0.26    0.32    0.04   -0.30   -0.49   -0.49   -0.06
    0.01   -0.50   -0.43   -0.31   -0.35   -0.30   -0.20   -0.10    0.19   -0.28
    0.14   -0.25   -0.18   -0.21   -0.02    0.05    0.31    0.08    0.04   -0.06
   -0.04   -0.38    0.17   -0.26   -0.27   -0.31   -0.13    0.00   -0.26   -0.29
   -0.25   -0.15   -0.05   -0.05    0.27    0.12    0.04    0.00    0.05    0.18
    0.06    0.04    0.16   -0.21    0.10   -0.33   -0.08    0.07   -0.03    0.05
    0.05    0.05    0.09    0.03    0.09   -0.21   -0.09    0.01    0.02   -0.25

     3-th
   -0.12   -0.04   -0.08   -0.17   -0.19   -0.37    0.02   -0.27   -0.18   -0.14
   -0.12    0.06   -0.43   -0.46   -0.46   -0.03   -0.17   -0.31   -0.19   -0.24
   -0.52   -0.40   -0.14   -0.23   -0.34   -0.23   -0.26   -0.31   -0.45   -0.38
   -0.36   -0.27   -0.45   -0.47   -0.25   -0.34   -0.21   -0.32   -0.22   -0.05
   -0.22   -0.34   -0.09   -0.22    0.01    0.04   -0.10    0.27    0.14   -0.28
   -0.01    0.06    0.04    0.23    0.22    0.39    0.40    0.09    0.41    0.19
    0.13    0.15    0.10    0.01    0.11    0.41    0.48    0.33    0.43    0.25
    0.27    0.39    0.33    0.44    0.54    0.34    0.28    0.41    0.43    0.36
    0.16    0.21    0.06    0.12    0.26    0.11    0.03    0.02    0.01    0.05
    0.39    0.18    0.19   -0.09    0.06    0.09    0.22   -0.02    0.11    0.12
    0.33    0.14    0.07    0.37    0.22    0.14    0.31   -0.31   -0.29   -0.07
   -0.40    0.13    0.28    0.17    0.38    0.27    0.22    0.12    0.31    0.18
   -0.19    0.02    0.24    0.25    0.29   -0.07   -0.46   -0.51    0.00   -0.08
   -0.07   -0.33   -0.42   -0.43   -0.40   -0.51   -0.42   -0.29   -0.20   -0.29
   -0.23   -0.42    0.13   -0.04   -0.07    0.00    0.09    0.14   -0.22    0.08
    0.21    0.14    0.05   -0.04    0.06   -0.33   -0.19   -0.03   -0.01   -0.04

     4-th
   -0.15   -0.09    0.21    0.14   -0.07   -0.27   -0.40   -0.32   -0.29   -0.36
   -0.26   -0.41   -0.20   -0.22   -0.38   -0.30   -0.40   -0.36   -0.39   -0.31
   -0.03   -0.01    0.08    0.01    0.22    0.09   -0.25   -0.06    0.06    0.48
    0.53    0.46    0.04   -0.10    0.13   -0.03    0.04    0.21   -0.25   -0.16
   -0.23   -0.13   -0.14    0.08   -0.14    0.04    0.06   -0.16    0.04    0.33
    0.05    0.09   -0.39   -0.27   -0.21   -0.26    0.00   -0.17    0.03   -0.11
   -0.07    0.08    0.06    0.17    0.14    0.13    0.18    0.13    0.21   -0.03
    0.03    0.29    0.09    0.11    0.13    0.21    0.16    0.16    0.01    0.26
    0.16    0.14    0.00    0.02    0.09    0.10   -0.01   -0.18   -0.28   -0.04
    0.28    0.16   -0.08   -0.30   -0.22   -0.04    0.05    0.02    0.13   -0.14
    0.14    0.05    0.12    0.07   -0.03    0.14   -0.27    0.40    0.24    0.01
    0.09   -0.03    0.12   -0.01   -0.16   -0.21   -0.07   -0.08   -0.23   -0.15
   -0.19   -0.05   -0.05   -0.25    0.07    0.25    0.47    0.26    0.30    0.20
    0.20    0.19    0.11    0.42    0.25    0.37    0.41    0.39    0.36    0.43
    0.38    0.51    0.14    0.05    0.25    0.36    0.22    0.21    0.25    0.37
   -0.03    0.11    0.25    0.35    0.49    0.31    0.31    0.22    0.19    0.39

     5-th
   -0.27   -0.15   -0.19   -0.38   -0.24   -0.35   -0.09   -0.04   -0.18   -0.04
    0.12    0.03    0.06    0.11    0.16    0.15    0.18    0.36    0.28    0.22
    0.01    0.10    0.37    0.09   -0.07    0.27    0.44    0.39    0.20    0.15
    0.07    0.21    0.14    0.13   -0.11   -0.21   -0.31   -0.25    0.15   -0.03
    0.15    0.01    0.04   -0.17   -0.04   -0.08   -0.14   -0.19   -0.14   -0.20
   -0.27   -0.21   -0.06   -0.23   -0.19    0.20    0.36   -0.03    0.31    0.24
    0.01    0.13    0.32   -0.16    0.31    0.31    0.35    0.28    0.42    0.22
    0.23    0.35    0.39    0.49    0.55    0.49    0.39    0.45    0.55    0.52
    0.36    0.26    0.24    0.58    0.54    0.55    0.45    0.43    0.20    0.21
    0.44    0.45    0.37    0.48    0.39    0.50    0.26    0.35    0.18    0.35
    0.34   -0.03   -0.18    0.17    0.01   -0.26    0.17   -0.25   -0.02   -0.01
   -0.13    0.19    0.38    0.35    0.03    0.26    0.20    0.44    0.12    0.17
    0.11    0.05    0.22    0.13    0.13   -0.46   -0.27   -0.15   -0.47   -0.27
   -0.31   -0.35   -0.16   -0.30    0.10   -0.18   -0.34    0.23    0.14    0.15
    0.07    0.08   -0.18   -0.33    0.25    0.02   -0.13    0.13   -0.04   -0.10
   -0.10    0.04   -0.10   -0.14    0.13    0.18   -0.10    0.26    0.08   -0.17
