
   The total squared covariance=   910.74438

     l=0(l=0 indicate that call subroutine UAV(SVD) normal finished,else unnormal finished)

   The sum of squared singular value=   910.74316

    According to properties of SVD, the sum of squaredsingular value must
  be equal to the  squared covariance! 

  The singular values:
     23.101    12.381     9.304     8.141     4.973

    The percentage of the squared covariance explained by a single pair of patterns (give first NP pairs) is: 
   58.60   16.83    9.51    7.28    2.72

    The percentage of the cumulative squared covariance explained by the leading K modes is:
   58.60   75.43   84.93   92.21   94.93

  After transpose Q output singular vectors again

    The  left singular vector

    The  right singular vector

    The time coeffecient series of left singular vector

     1-th
  -4.321   0.184   0.562   8.282  12.642  13.991   0.419   3.197   2.280   6.303
  16.935  12.037  11.943  10.381   8.447  -0.741  14.726   2.327  -1.332   0.007
  15.048  21.698   7.339   7.740   9.345   7.755   7.117  15.122 -18.855 -17.660
   0.745  -2.997 -21.418  11.372   0.658  -9.797 -17.558  -4.731  -2.462   3.311
 -16.138 -11.099  -9.993  12.306  -7.129   0.404  -6.483 -13.015   4.956   7.337
  -0.730  -3.683 -14.787  -5.811 -10.702 -13.091 -14.162   1.112 -11.274 -18.059

     2-th
  -0.461   3.417  -0.149 -16.903   6.012  -8.601 -10.294   1.224  -2.735  -2.010
   1.795  -3.365  -0.736  -2.513 -13.742   0.865  -2.416  -7.472   1.726  -4.795
  -7.129  -4.131   1.218  -8.737   0.349  -2.600  -1.393  10.621   0.003   0.813
  12.923 -11.516  -4.348  -2.999  -2.301  -1.469   5.402   2.489   6.386  -2.019
  -1.160  -3.820  -7.355   4.416   3.493   4.244   7.518   3.073   5.069   1.827
   8.384  10.807  -5.340   5.669   3.246   6.365  -5.836   3.710   5.995  19.281

     3-th
   1.953   3.048  -3.208   4.235   6.373  -2.874   2.393   3.199  -0.192  -3.375
   2.612   7.490   3.700  -1.308   3.046   1.641   3.582   8.673  -1.056   4.245
   0.300  10.395  -3.946   5.778   4.097   7.041  -7.200  -4.092  -5.326  -1.141
  -5.251   7.121  -3.179  -0.657  -1.535  -2.372   0.637 -10.014   1.181  -8.118
  -2.783  -2.605   5.668  -5.393  -4.026  -0.126  -0.009  -3.825   9.789   4.144
  -5.878   6.272  -7.327  -3.719  -4.836  -4.097  -0.649  -7.100   3.492  -4.887

     4-th
  -3.635   5.936   4.366   2.977  -1.970   0.091  -2.489   5.728  -0.362   2.498
  -3.903  -4.930  -3.237  -6.612 -10.754  -4.311  -0.276   8.057  -3.322   0.948
  -4.523   5.736   1.409  -0.957  -3.903   1.427   0.976   5.096   1.895  -3.426
   1.015   0.724   1.525   6.885  -1.573  -6.001  -7.067   5.560  -0.084   2.712
  -7.357  -0.313   1.900   2.933  -5.899  -1.545   3.882   9.547   3.077   2.794
  -5.074  -2.297   3.873  -0.837   2.186  -3.935   4.166   4.173  -3.783   0.283

     5-th
   2.677  -2.465   0.698   1.636   0.711  -1.505  -1.464  -0.929   0.726   1.773
  -2.615  -0.760  -2.724  -0.792  -0.020  -5.014  -4.044  -0.363  -2.899   2.847
  -5.298   0.631   8.794   4.591  -4.861  -0.857   1.634  -1.119   0.348  -2.492
  -0.700  -0.905   0.402   1.195   1.296   1.455   1.370  -3.055  -3.135   3.824
   3.722   0.290   2.305   3.003   2.293  -2.121   2.371  -0.290  -2.577  -3.180
   1.570   3.173  -0.736   3.958  -0.922   1.651   1.999   3.240  -6.827  -1.517

    The time coeffecient series of right singular vector

     1-th
  -0.287  -0.907   2.215  -3.634   0.856   1.535   0.212   2.176   6.569   2.581
   5.777   2.484   4.042   3.872  -1.937   3.787   2.609  -0.312  -3.260   0.982
   4.329   1.883   4.284   0.293   0.364   4.265   0.208   5.031  -1.705  -6.305
  -0.652  -2.419  -5.774   1.507   1.927  -1.927  -5.332  -0.437  -3.631   3.108
  -5.118  -1.626  -4.654   4.383   1.912   0.063  -0.922  -3.140  -3.943  -0.625
   1.824  -1.711  -3.186  -0.966  -2.992  -0.407  -3.459   0.560  -1.399  -2.973

     2-th
   1.748   1.730  -0.103  -7.615   1.301  -6.687  -3.925   0.255   1.298  -1.702
   3.138  -1.203  -2.599  -0.503  -4.129   3.940  -0.374   1.325  -1.759  -1.518
  -1.786   2.936   1.769  -1.626   0.633   1.043   0.729   1.584  -1.824  -0.458
   4.237  -1.109  -2.745  -1.816  -0.525  -0.201  -0.897   1.431   0.270  -2.237
  -3.223   2.715  -2.367   4.540   0.288  -1.613   5.809  -4.433   3.075  -1.840
   4.772   5.083  -2.637   0.949  -0.979   3.451  -2.306  -0.208   2.448   4.449

     3-th
  -0.684   3.920  -3.791   1.757   4.591  -5.704  -1.044  -2.029  -3.455  -2.648
  -0.594   3.468  -0.954  -3.323   2.106  -1.071  -2.977   5.960  -0.500   0.054
  -0.404   3.702  -2.210   4.169   1.117   0.210  -1.118  -3.046  -2.326   1.744
  -3.193   3.854   0.429  -2.309  -2.578  -1.239  -0.079  -4.710   1.468  -2.403
   0.087  -1.859   2.114  -1.941  -1.051  -0.936   3.735   0.181   6.745   3.442
   1.362   6.518  -3.274  -0.075  -1.814  -0.948   1.317   0.314   1.677   0.243

     4-th
  -1.922   2.620  -1.168   3.267   0.254   0.879  -3.789   7.390   1.624  -2.095
   1.184  -3.077  -3.438  -2.313  -5.324  -2.541   1.477   2.603  -4.016   1.711
  -2.340  -0.250  -0.049  -2.778  -1.793   3.509   0.702   0.803   2.767  -0.714
   1.605   0.486   1.190   2.517  -3.120  -4.888  -2.558   3.380   1.011   1.349
  -6.741   3.667   3.169   0.191  -0.476   0.060  -0.468   3.182   1.358   2.654
  -1.984  -0.371   1.353   1.072   0.711  -1.034   3.389   0.298  -2.480  -1.703

     5-th
   0.441  -1.109  -2.412   3.973   1.259  -5.372  -1.646  -2.619   3.241   0.694
  -1.304   0.014  -3.722   0.740   0.512  -1.402  -2.337   2.902   1.597   1.240
  -2.110  -1.935   4.570   2.724  -2.921   0.380   0.597  -1.033   0.807  -2.638
  -4.630  -2.847  -0.979  -0.836   1.635   1.584  -0.143  -4.135  -5.896  -0.519
   0.578  -0.282   3.148   7.684   3.746   0.312   3.777   1.568   2.125  -1.795
   4.308   4.156  -4.283   0.324   0.000   0.614   0.474   3.503  -4.775  -1.547

  The correlation coefficient between the corresponding expansion coefficents r(a,b) (first to NP-th pair) are: 
    0.72    0.69    0.70    0.74    0.65

   The  percentages of  the  variance  of left  field explained by a single singular vector are:
   49.82   18.68   10.48    8.05    3.47

   The  percentages of  the  variance  of right field  explained by a single singular vector are:
    5.85    4.85    4.79    4.28    4.72
